1 0.309375 0.51325 0.074109375 0.23205555555555557
1 0.3887265625 0.5297083333333333 0.06539843749999999 0.25306944444444446
1 0.46205468749999995 0.5104861111111111 0.049109375 0.18683333333333335
1 0.554015625 0.5344722222222222 0.0455390625 0.2625972222222222
1 0.602234375 0.4866944444444445 0.025890625 0.13925
1 0.431921875 0.4730138888888889 0.011164062499999999 0.09998611111111111
1 0.5089296875 0.4866944444444445 0.0357109375 0.13925
1 0.0370546875 0.5027638888888889 0.05625 0.11980555555555557
1 0.12789843750000002 0.49324999999999997 0.028125 0.06902777777777779
1 0.8300234375000001 0.4835277777777778 0.06852343749999999 0.10116666666666667
1 0.7684140625 0.48173611111111114 0.052453125 0.10156944444444443
1 0.7464296874999999 0.6621527777777778 0.19821093750000002 0.61319444444444452 0.3034609375 0.5509722222222222 0.0198671875 0.02972222222222222
2 0.3903984375 0.5755694444444445 0.0263359375 0.03129166666666667
2 0.467859375 0.52975 0.0160703125 0.015055555555555555
2 0.5612734374999999 0.572388888888889 0.022101562499999998 0.024944444444444446
2 0.7810234375 0.7951388888888888 0.057585937499999997 0.07756944444444444
2 0.6089296875 0.50575 0.0125 0.01863888888888889
2 0.5167421875 0.50575 0.011164062499999999 0.01863888888888889
2 0.432140625 0.4869027777777778 0.007140625 0.008736111111111111
2 0.41528906250000003 0.47798611111111106 0.006921874999999999 0.010722222222222222
2 0.3377265625 0.5113055555555556 0.010265625 0.013875
