2 0.0200859375 0.7235416666666667 0.013390625 0.017708333333333333
2 0.1559140625 0.598375 0.014953125000000001 0.017388888888888888
2 0.23102343749999998 0.35341666666666666 0.011164062499999999 0.015569444444444445
2 0.28504687500000003 0.37959722222222225 0.0120546875 0.020305555555555556
2 0.07265625 0.3208888888888889 0.022546875 0.014
2 0.6973203125 0.4861111111111111 0.0107109375 0.02301388888888889
2 0.7318046875 0.5995694444444445 0.014953125000000001 0.02770833333333333
2 0.761609375 0.47638888888888886 0.0142890625 0.023416666666666665
2 0.8464296875 0.34865277777777776 0.0142890625 0.021916666666666664
2 0.9424140624999999 0.28994444444444445 0.009820312500000001 0.015597222222222222
2 0.8489921875 0.17093055555555556 0.0127265625 0.015680555555555555
1 0.2223203125 0.3329722222222222 0.042859375 0.09769444444444444
1 0.28203125 0.3589583333333333 0.0395078125 0.10601388888888888
1 0.1802421875 0.5693888888888888 0.0770078125 0.18958333333333333
1 0.0527890625 0.6457638888888889 0.1033515625 0.1796111111111111
1 0.0183046875 0.3339722222222222 0.036609375 0.09570833333333333
1 0.481140625 0.8151527777777777 0.1073671875 0.193
1 0.471875 0.960513888888889 0.09553906250000001 0.07897222222222222
1 0.7453125 0.7352361111111111 0.066515625 0.07680555555555556
1 0.746875 0.5495555555555556 0.038390625 0.21338888888888888
1 0.7793515625 0.4357083333333333 0.05200781249999999 0.15237499999999998
1 0.7075859375 0.41429166666666667 0.049109375 0.17301388888888888
1 0.6572578124999999 0.2772361111111111 0.0354921875 0.11716666666666667
1 0.664734375 0.18520833333333334 0.025890625 0.07597222222222223
1 0.746875 0.257 0.0473203125 0.13225
1 0.75234375 0.164375 0.0203125 0.07002777777777779
1 0.79140625 0.17091666666666666 0.013617187499999999 0.09501388888888888
1 0.7753359375 0.1284722222222222 0.0082578125 0.08155555555555555
1 0.8045781249999999 0.13066666666666665 0.008703125 0.07401388888888889
1 0.815625 0.10923611111111112 0.0151796875 0.07879166666666666
1 0.9002265625 0.18777777777777777 0.0191953125 0.1088888888888889
1 0.8587031250000001 0.30955555555555553 0.034375 0.13816666666666666
1 0.9459843749999999 0.260375 0.016960937500000002 0.11916666666666666
1 0.9839296875000001 0.04775 0.0214296875 0.043125000000000004
0 0.9440859375 0.08324999999999999 0.05111718750000001 0.10220833333333333
0 0.9877265625 0.10825 0.024546875000000003 0.08077777777777777
1 0.1589296875 0.1955138888888889 0.0410703125 0.08072222222222222