2 0.229015625 0.3500416666666667 0.011609375 0.012791666666666668
2 0.2840390625 0.3726527777777778 0.012273437500000001 0.018333333333333333
2 0.171765625 0.5785416666666667 0.0153984375 0.025333333333333333
2 0.038390625 0.7013194444444444 0.0142890625 0.020902777777777777
2 0.7096015625 0.47025 0.0129453125 0.023027777777777775
2 0.7450859375000001 0.581125 0.016960937500000002 0.02652777777777778
2 0.8478828125 0.17272222222222222 0.014953125000000001 0.015277777777777777
2 0.071765625 0.32069444444444445 0.0207578125 0.017569444444444447
2 0.7715390625 0.4623055555555556 0.0140625 0.023027777777777775
2 0.8543515625 0.34270833333333334 0.0145078125 0.017944444444444443
2 0.94921875 0.27725 0.012273437500000001 0.021958333333333333
2 0.4775703125 0.8865833333333334 0.0109375 0.03426388888888889
1 0.018859375 0.3399166666666667 0.0354921875 0.11554166666666667
1 0.220984375 0.3280138888888889 0.0401796875 0.09175
1 0.275 0.34249999999999997 0.0410703125 0.10086111111111112
1 0.189953125 0.5356805555555556 0.089734375 0.17769444444444443
1 0.06607031249999999 0.6175972222222222 0.0964296875 0.1470972222222222
1 0.5325859375 0.7794444444444445 0.10982031249999999 0.16922222222222222
1 0.511828125 0.9383333333333334 0.0995546875 0.11794444444444445
1 0.7214296874999999 0.404375 0.0410703125 0.1293888888888889
1 0.764734375 0.5378472222222223 0.038390625 0.2019027777777778
1 0.7892890625 0.717375 0.069640625 0.08079166666666666
1 0.7896171875 0.4097361111111111 0.0457578125 0.12819444444444444
1 0.8678593749999999 0.30459722222222224 0.0392890625 0.1322222222222222
1 0.9503359375 0.25304166666666666 0.0278984375 0.10845833333333334
1 0.8977656250000001 0.19333333333333333 0.0276796875 0.104125
1 0.733484375 0.2693055555555556 0.0294609375 0.10130555555555555
1 0.65078125 0.2857638888888889 0.0359375 0.10644444444444444
1 0.6566953125 0.19215277777777778 0.0276796875 0.07794444444444444
1 0.751453125 0.1740972222222222 0.0185234375 0.0855
1 0.785265625 0.17330555555555555 0.016960937500000002 0.08390277777777777
1 0.774890625 0.13006944444444446 0.0073671875 0.06886111111111111
1 0.8026796875000001 0.13205555555555556 0.0160703125 0.06488888888888888
1 0.8160703125 0.10904166666666668 0.0160703125 0.08236111111111111
0 0.9401796875 0.07730555555555554 0.0410703125 0.09824999999999999
0 0.9877265625 0.10269444444444444 0.024546875000000003 0.08554166666666667
1 0.1612734375 0.19948611111111111 0.0435234375 0.08865277777777777