2 0.0700859375 0.3208888888888889 0.024109375 0.014
2 0.17254687500000002 0.28934722222222226 0.010265625 0.010444444444444444
2 0.232140625 0.307 0.0089296875 0.010041666666666667
2 0.2612734375 0.4081666666666667 0.0113828125 0.013944444444444443
2 0.5668515625 0.7677638888888888 0.0198671875 0.03077777777777778
2 0.7034609374999999 0.5632638888888889 0.016296875 0.030500000000000003
2 0.7361640625 0.6525277777777778 0.016960937500000002 0.026486111111111113
2 0.8013359375 0.34012499999999996 0.013390625 0.01676388888888889
2 0.8400703125 0.3462777777777778 0.0127265625 0.017152777777777777
2 0.8630546875 0.4049861111111111 0.0185234375 0.023458333333333335
2 0.8231015625 0.19294444444444442 0.0145078125 0.016055555555555556
2 0.9357109375 0.2564166666666667 0.0142890625 0.016027777777777776
1 0.161609375 0.2691111111111111 0.0375 0.07313888888888888
1 0.2138359375 0.2925138888888889 0.04375 0.09613888888888888
1 0.263390625 0.37958333333333333 0.0357109375 0.09965277777777778
1 0.159375 0.4406805555555556 0.05982031249999999 0.09484722222222224
1 0.015625 0.3177083333333333 0.03125 0.05525
1 0.02578125 0.37958333333333333 0.0354921875 0.09965277777777778
1 0.0245546875 0.6310972222222222 0.049109375 0.11059722222222222
1 0.507140625 0.3998055555555556 0.05 0.13216666666666665
1 0.594421875 0.37898611111111113 0.0325859375 0.14209722222222224
1 0.5857109375 0.7048611111111112 0.082140625 0.258125
1 0.7572578125 0.5872499999999999 0.056921875 0.18559722222222222
1 0.7177421875000001 0.49956944444444445 0.0716484375 0.22452777777777777
1 0.5400703124999999 0.2459027777777778 0.0466484375 0.09418055555555556
1 0.685046875 0.21615277777777778 0.0263359375 0.09023611111111111
1 0.7153984375 0.22308333333333333 0.015625 0.10808333333333332
1 0.7325859375 0.16775 0.01875 0.08866666666666667
1 0.7574765625000001 0.1681388888888889 0.0171875 0.09740277777777777
1 0.8049140625 0.28854166666666664 0.038390625 0.11993055555555555
1 0.8443046875 0.3127361111111111 0.0167421875 0.11277777777777778
1 0.8772343749999999 0.3756111111111111 0.03125 0.15519444444444444
1 0.8977656250000001 0.21395833333333336 0.036609375 0.11363888888888887
1 0.9457578124999999 0.23479166666666668 0.020984375 0.10370833333333333
1 0.9839296875000001 0.029902777777777778 0.030359375 0.04711111111111111
0 0.9371640625 0.07709722222222222 0.050671875 0.10181944444444445
1 0.1629453125 0.19988888888888887 0.0401796875 0.06563888888888889