2 0.1081484375 0.5934166666666667 0.0176328125 0.02731944444444445
2 0.18839062499999998 0.42462500000000003 0.0107109375 0.019083333333333334
2 0.26171875 0.33993055555555557 0.012273437500000001 0.020333333333333335
2 0.717296875 0.5493888888888889 0.0171875 0.026541666666666665
2 0.794421875 0.44227777777777777 0.0129453125 0.018680555555555554
2 0.8403984375 0.47123611111111113 0.015625 0.021041666666666667
2 0.8410703125 0.27408333333333335 0.0125 0.015611111111111112
2 0.8642890624999999 0.29708333333333337 0.0142890625 0.014013888888888888
2 0.9308046875 0.31969444444444445 0.013390625 0.019555555555555555
2 0.42633593750000004 0.9470694444444444 0.0223203125 0.04018055555555555
2 0.1676328125 0.27784722222222225 0.009375 0.01125
2 0.7933046874999999 0.21595833333333334 0.0151796875 0.014458333333333333
2 0.071984375 0.31731944444444443 0.0167421875 0.014791666666666667
2 0.1026796875 0.2627777777777778 0.0089296875 0.012847222222222222
2 0.9860468750000001 0.1975138888888889 0.010046875 0.013277777777777779
1 0.42075781250000005 0.2597777777777778 0.060265625 0.09813888888888889
1 0.2513359375 0.3228611111111111 0.05625 0.089375
1 0.18660937500000002 0.38255555555555554 0.051789062500000003 0.10956944444444444
1 0.1606015625 0.2649444444444444 0.0377265625 0.08463888888888889
1 0.09609375 0.24927777777777776 0.0292421875 0.06522222222222222
1 0.127234375 0.5438055555555555 0.0669609375 0.174125
1 0.044640625 0.6590416666666666 0.080359375 0.22601388888888888
1 0.062390625 0.39326388888888886 0.0466484375 0.10718055555555556
1 0.013953125 0.32781944444444444 0.025671875 0.09531944444444444
1 0.644640625 0.28397222222222224 0.030359375 0.12272222222222222
1 0.6861640625 0.19512500000000002 0.0151796875 0.10373611111111111
1 0.711609375 0.20265277777777777 0.0125 0.1108611111111111
1 0.7323671875 0.4977916666666667 0.058484375 0.17733333333333334
1 0.6505546875 0.7586250000000001 0.075671875 0.14741666666666667
1 0.4658515625 0.8603611111111111 0.0700859375 0.2675416666666667
1 0.8075859375000001 0.3914722222222222 0.04375 0.18691666666666668
1 0.8612734375000001 0.420625 0.0328125 0.20156944444444444
1 0.8458671875 0.23618055555555556 0.0153984375 0.11044444444444444
1 0.8683046875 0.26255555555555554 0.013390625 0.12748611111111113
1 0.9056953125 0.22566666666666665 0.0278984375 0.12513888888888888
1 0.9419609375 0.2944861111111111 0.017859375 0.13976388888888888
1 0.7607109375000001 0.18183333333333332 0.0214296875 0.07319444444444445
1 0.9841484375 0.04041666666666667 0.0263359375 0.06415277777777778
1 0.9033515624999999 0.044583333333333336 0.016515625 0.03677777777777778
0 0.891515625 0.08861111111111111 0.0151796875 0.06927777777777779
0 0.9346015624999999 0.07036111111111111 0.0700859375 0.11213888888888889
1 0.1578125 0.18977777777777777 0.034375 0.05731944444444445