2 0.10703125 0.6358611111111111 0.0109375 0.024902777777777777
2 0.21071093749999997 0.48551388888888886 0.0107109375 0.01786111111111111
2 0.2449765625 0.37722222222222224 0.010046875 0.015541666666666665
2 0.1596015625 0.31056944444444445 0.011164062499999999 0.00925
2 0.0982109375 0.2724861111111111 0.0089296875 0.012444444444444445
2 0.1896171875 0.2655416666666667 0.0064765625 0.010458333333333333
2 0.070203125 0.31969444444444445 0.022101562499999998 0.019555555555555555
2 0.658484375 0.4517916666666667 0.0223203125 0.021847222222222223
2 0.8092656249999999 0.4113333333333334 0.013617187499999999 0.020291666666666666
2 0.8811406249999999 0.3407222222222222 0.0145078125 0.021916666666666664
2 0.9378359375 0.18759722222222222 0.011828125 0.01725
2 0.9102656250000001 0.4085555555555556 0.016960937500000002 0.02266666666666667
2 0.940515625 0.31255555555555553 0.0171875 0.02113888888888889
2 0.8184140624999999 0.14376388888888889 0.0185234375 0.012916666666666668
2 0.8964296875000001 0.12352777777777778 0.0160703125 0.01213888888888889
2 0.6120546874999999 0.7830416666666666 0.009820312500000001 0.025611111111111112
1 0.0864921875 0.2611805555555556 0.0323671875 0.07313888888888888
1 0.016960937500000002 0.3373333333333333 0.033921875000000004 0.09848611111111111
1 0.152234375 0.29191666666666666 0.036609375 0.09097222222222222
1 0.1822578125 0.2542361111111111 0.031921875 0.08702777777777777
1 0.23850781250000003 0.3555833333333333 0.0283515625 0.11909722222222222
1 0.222765625 0.4541527777777778 0.0526796875 0.13768055555555556
1 0.1392890625 0.5719722222222222 0.0910703125 0.1749027777777778
1 0.0359375 0.5600694444444444 0.06741406250000001 0.18284722222222222
1 0.0324765625 0.7953055555555556 0.05825781249999999 0.21680555555555556
1 0.35859375 0.49025 0.063171875 0.17019444444444445
1 0.489171875 0.3774027777777778 0.0341484375 0.13891666666666666
1 0.47321093750000004 0.306 0.0357109375 0.1072361111111111
1 0.5989921875 0.29309722222222223 0.0216484375 0.1488888888888889
1 0.8177421875 0.37422222222222223 0.0395078125 0.16431944444444443
1 0.650109375 0.7074305555555556 0.0926328125 0.24344444444444444
1 0.348328125 0.9396805555555556 0.158703125 0.12063888888888889
1 0.8872734375 0.3018194444444445 0.029015625 0.15047222222222223
1 0.9217656249999999 0.3571666666666667 0.024328125 0.1540138888888889
1 0.9161796875 0.2298333333333333 0.0176328125 0.08188888888888889
1 0.9496640624999999 0.2746527777777778 0.022101562499999998 0.11597222222222223
1 0.9446406250000001 0.16477777777777777 0.0232109375 0.07876388888888888
1 0.8459843749999999 0.1758888888888889 0.03125 0.08509722222222223
1 0.9819218749999999 0.13304166666666667 0.021875 0.07877777777777778
1 0.9620546875 0.052708333333333336 0.013390625 0.08080555555555556
1 0.983484375 0.05568055555555556 0.011609375 0.07486111111111111
1 0.8727656250000001 0.06104166666666667 0.0223203125 0.041930555555555554
0 0.8421875 0.11618055555555556 0.072765625 0.09663888888888889
0 0.9161796875 0.08284722222222222 0.062273437499999994 0.1093611111111111
1 0.1613828125 0.1979027777777778 0.0325859375 0.06961111111111111