2 0.0669609375 0.3254444444444444 0.017859375 0.011222222222222222
2 0.45335156249999997 0.5017777777777778 0.0183046875 0.026583333333333334
2 0.339171875 0.754875 0.0198671875 0.04069444444444444
2 0.7424140625 0.207625 0.0205390625 0.021611111111111112
2 0.81171875 0.4034027777777778 0.0140625 0.020291666666666666
2 0.901453125 0.3742361111111111 0.014953125000000001 0.021500000000000002
2 0.9186406249999999 0.2597916666666667 0.0091484375 0.018791666666666665
2 0.978125 0.2828055555555556 0.009820312500000001 0.017194444444444446
2 0.9631718749999999 0.22726388888888888 0.011164062499999999 0.017236111111111112
2 0.8395078125 0.255625 0.013835937500000001 0.014430555555555556
2 0.2732109375 0.3728611111111111 0.0107109375 0.01476388888888889
2 0.2848203125 0.3216805555555556 0.007140625 0.015583333333333334
2 0.1809140625 0.29708333333333337 0.0113828125 0.014013888888888888
1 0.1017890625 0.2990555555555555 0.0339296875 0.08938888888888889
1 0.17086718750000002 0.282 0.022546875 0.06320833333333332
1 0.23114062500000002 0.2756527777777778 0.0270078125 0.08226388888888889
1 0.2652890625 0.34368055555555554 0.0372734375 0.11118055555555555
1 0.2125 0.6285 0.1035703125 0.2046111111111111
1 0.029015625 0.703875 0.05803125 0.2125
1 0.014734375 0.3335694444444444 0.0294609375 0.10284722222222221
1 0.6771171875 0.2062222222222222 0.035046875 0.09420833333333332
1 0.7902890625000001 0.242125 0.024773437500000002 0.09854166666666667
1 0.8174140624999999 0.36212500000000003 0.0455390625 0.15995833333333334
1 0.9103828125 0.3371388888888889 0.050671875 0.11791666666666667
1 0.9265625 0.2320138888888889 0.027234374999999998 0.09022222222222222
1 0.9638359375000001 0.20344444444444443 0.016960937500000002 0.09658333333333334
1 0.9862734375000001 0.2445 0.014953125000000001 0.11916666666666666
1 0.8088203125 0.12094444444444444 0.0127265625 0.05855555555555555
1 0.9602656250000001 0.08166666666666667 0.01875 0.06730555555555556
1 0.90546875 0.06798611111111111 0.0140625 0.04390277777777778
1 0.9264531249999999 0.09198611111111112 0.0113828125 0.05619444444444444
0 0.4486796875 0.6801666666666667 0.307546875 0.37070833333333336
0 0.7652109375 0.17880555555555558 0.09240625 0.13193055555555555
1 0.1568046875 0.20027777777777775 0.0346015625 0.074375