2 0.3221015625 0.6791111111111111 0.014734375 0.02408333333333333
2 0.365734375 0.5212222222222221 0.0238828125 0.025777777777777774
2 0.761828125 0.5969861111111111 0.0191953125 0.02651388888888889
2 0.761046875 0.26256944444444447 0.0153984375 0.016416666666666666
2 0.8647343749999999 0.22686111111111112 0.0151796875 0.024375
2 0.06607031249999999 0.3232638888888889 0.025 0.01875
1 0.11864062500000001 0.3042222222222222 0.0252265625 0.0758888888888889
1 0.09163281250000001 0.2808055555555556 0.0203125 0.08463888888888889
1 0.1271171875 0.2437222222222222 0.0332578125 0.06998611111111111
1 0.013835937500000001 0.34447222222222224 0.027671875000000002 0.11276388888888889
1 0.3597109375 0.6243333333333333 0.09664843749999999 0.216125
1 0.7818046875 0.5493611111111112 0.061382812499999995 0.18522222222222223
1 0.7208671875 0.3859166666666667 0.05111718750000001 0.15994444444444444
1 0.6070781249999999 0.2967916666666667 0.0339296875 0.09652777777777778
1 0.537609375 0.2556111111111111 0.0640625 0.09377777777777777
1 0.408484375 0.28238888888888886 0.0669609375 0.10368055555555557
1 0.6433046874999999 0.21356944444444445 0.0455390625 0.10490277777777778
1 0.7142890625 0.20780555555555555 0.0267890625 0.1291111111111111
1 0.7530390625 0.1755 0.018109375 0.048
1 0.7742734375 0.13341666666666668 0.0198359375 0.0395
1 0.806203125 0.1281111111111111 0.010328125 0.03854166666666667
1 0.8160234375 0.13880555555555554 0.0073359375000000004 0.03901388888888889
1 0.8414296875 0.13630555555555557 0.017390625 0.05816666666666667
1 0.823453125 0.10919444444444446 0.014945312499999999 0.057055555555555554
1 0.8760234375 0.09591666666666666 0.0105078125 0.051430555555555556
1 0.8782421875 0.12930555555555553 0.02853125 0.049
0 0.88703125 0.20252777777777778 0.09862499999999999 0.16644444444444445
0 0.7895390625 0.21218055555555557 0.11103125 0.16644444444444445
0 0.45103906250000003 0.44316666666666665 0.21965625000000003 0.20541666666666666
1 0.1609375 0.20325000000000001 0.040625 0.08429166666666667