2 0.3246640625 0.6747361111111111 0.013171875 0.023291666666666665
2 0.3625 0.5277638888888889 0.019640625000000002 0.019027777777777775
2 0.0658515625 0.32405555555555554 0.0200859375 0.02034722222222222
2 0.7653984375 0.5896527777777778 0.0174140625 0.03168055555555555
2 0.76015625 0.26316666666666666 0.013617187499999999 0.021569444444444443
2 0.86875 0.2232916666666667 0.0142890625 0.025166666666666667
1 0.35625 0.6241388888888889 0.07857031249999999 0.20381944444444444
1 0.1193046875 0.3042222222222222 0.0310234375 0.0758888888888889
1 0.09475781250000001 0.2861666666666667 0.0176328125 0.08344444444444445
1 0.1228828125 0.24768055555555557 0.0292421875 0.07791666666666666
1 0.0160703125 0.34070833333333334 0.032140625 0.11712499999999999
1 0.41138281250000003 0.2738611111111111 0.059375 0.08265277777777777
1 0.5229921875 0.2607777777777778 0.0683046875 0.09615277777777778
1 0.6027890625000001 0.2954861111111111 0.024773437500000002 0.10604166666666666
1 0.712390625 0.386125 0.06986718750000001 0.14049999999999999
1 0.780359375 0.5319166666666667 0.051789062500000003 0.15033333333333332
1 0.649109375 0.20681944444444444 0.030359375 0.08348611111111111
1 0.7153984375 0.20980555555555555 0.033484375 0.09340277777777778
1 0.8744453125 0.10091666666666667 0.010046875 0.03833333333333334
1 0.8766718750000001 0.13106944444444446 0.0234375 0.03513888888888889
1 0.8344843750000001 0.13919444444444445 0.0238828125 0.04743055555555555
1 0.8075859375000001 0.1312638888888889 0.016960937500000002 0.03156944444444444
1 0.765515625 0.1384027777777778 0.024328125 0.04584722222222222
0 0.45546875 0.44522222222222224 0.2301328125 0.2190138888888889
0 0.7830390625 0.2185138888888889 0.1017890625 0.15845833333333334
0 0.8907343750000001 0.20681944444444444 0.0917421875 0.16283333333333333
1 0.15859375 0.20384722222222224 0.038171875 0.07356944444444444