2 0.06685156249999999 0.3270416666666667 0.0198671875 0.014388888888888889
2 0.185265625 0.6779166666666667 0.0223203125 0.029638888888888888
2 0.3732109375 0.6112777777777778 0.0142890625 0.023333333333333334
2 0.753125 0.297875 0.0151796875 0.015597222222222222
2 0.8419609375 0.46984722222222225 0.0142890625 0.014305555555555556
2 0.909375 0.190375 0.0151796875 0.014875000000000001
1 0.40267968749999994 0.5687916666666666 0.082140625 0.18441666666666667
1 0.4965390625 0.36550000000000005 0.071203125 0.115125
1 0.3103828125 0.28219444444444447 0.056023437499999995 0.07551388888888888
1 0.444421875 0.27605555555555555 0.054015625 0.07511111111111111
1 0.5794609375 0.24609722222222222 0.042859375 0.07473611111111111
1 0.1356015625 0.28338888888888886 0.0323671875 0.06995833333333333
1 0.11551562500000001 0.31036111111111114 0.0189765625 0.07629166666666666
1 0.0911796875 0.28934722222222226 0.019421874999999998 0.07391666666666666
1 0.07064843750000001 0.2387638888888889 0.0229921875 0.04816666666666666
1 0.0161796875 0.3410972222222222 0.0301328125 0.1099861111111111
1 0.763390625 0.4545416666666666 0.0714296875 0.2098888888888889
1 0.8431953125 0.42559722222222224 0.0546875 0.17579166666666665
1 0.6513359375000001 0.2492638888888889 0.0348203125 0.12869444444444444
1 0.7003359375 0.24569444444444447 0.036828125 0.1294861111111111
1 0.7425234374999999 0.17291666666666666 0.0185234375 0.059319444444444445
1 0.784375 0.1552638888888889 0.0151796875 0.043847222222222225
1 0.8153984375000001 0.1629861111111111 0.0191953125 0.06329166666666666
1 0.7980859375 0.125375 0.0195078125 0.06141666666666667
1 0.8652421875 0.16919444444444443 0.016492187499999998 0.08802777777777779
1 0.84853125 0.12783333333333335 0.01909375 0.06483333333333333
0 0.9231406249999999 0.17454166666666668 0.08959375 0.14634722222222224
0 0.777359375 0.23406944444444444 0.1111953125 0.19393055555555555
0 0.2999375 0.5701527777777777 0.27625781250000003 0.280125
1 0.9513359375 0.04556944444444445 0.0276796875 0.08240277777777777
1 0.9878359375000001 0.030500000000000003 0.013617187499999999 0.052263888888888894