1 0.22242968749999997 0.5039305555555555 0.058703125 0.20945833333333333
1 0.2792421875 0.5299166666666667 0.0450859375 0.24949999999999997
1 0.3410703125 0.5140555555555556 0.0482109375 0.18604166666666666
1 0.37901562499999997 0.474 0.025890625 0.098
1 0.451671875 0.6009027777777778 0.08414843749999999 0.36768055555555557
1 0.509375 0.4942222222222222 0.01875 0.13051388888888887
1 0.6193046875 0.5152361111111111 0.0578125 0.1963611111111111
1 0.6825859375000001 0.66175 0.1955390625 0.6203333333333333
1 0.8033515625 0.5158333333333333 0.039734375 0.2173888888888889
1 0.9322578125 0.6349861111111111 0.1301328125 0.5469722222222222
1 0.177234375 0.4700416666666667 0.024109375 0.074208333333333332 0.224328125 0.5360972222222222 0.015625 0.02775
2 0.2653984375 0.5610833333333334 0.0174140625 0.022180555555555558
2 0.3380546875 0.5436388888888889 0.022101562499999998 0.01901388888888889
2 0.45625 0.6453888888888889 0.0375 0.043944444444444446
2 0.380359375 0.49583333333333335 0.0107109375 0.006750000000000001
2 0.5097109375 0.5176527777777777 0.0127265625 0.010694444444444444
2 0.7471015624999999 0.8024722222222221 0.052234375 0.07240277777777779
2 0.8056953124999999 0.5501805555555556 0.024328125 0.02813888888888889
