2 0.0661796875 0.32625 0.0229921875 0.012805555555555556
2 0.281921875 0.7064722222222223 0.014734375 0.02327777777777778
2 0.425109375 0.6759305555555556 0.0176328125 0.03361111111111111
1 0.10680468750000001 0.7274722222222222 0.1488828125 0.23193055555555556
1 0.3136171875 0.650125 0.0870546875 0.19627777777777777
1 0.28414843749999996 0.48906944444444445 0.0638359375 0.12813888888888889
1 0.37265625 0.5104861111111111 0.060046875 0.13923611111111112
1 0.5184140625 0.38215277777777773 0.061382812499999995 0.13256944444444446
1 0.6167421875 0.3524027777777778 0.0683046875 0.128625
1 0.44196093750000004 0.9357083333333334 0.125 0.12856944444444443
1 0.09419531249999999 0.2865694444444445 0.01875 0.06043055555555555
1 0.1198671875 0.30143055555555553 0.020984375 0.0941388888888889
1 0.1599296875 0.2675277777777778 0.031921875 0.06997222222222223
1 0.2453125 0.2679166666666667 0.039734375 0.07869444444444444
1 0.3370546875 0.2738611111111111 0.049109375 0.08265277777777777
1 0.0145078125 0.3343611111111111 0.0245546875 0.10443055555555555
1 0.160265625 0.20384722222222224 0.04375 0.07356944444444444
1 0.9545781249999999 0.05191666666666667 0.0140625 0.04748611111111111
1 0.9808046875 0.11459722222222223 0.0330390625 0.06173611111111112