2 0.0948671875 0.43394444444444447 0.015625 0.025833333333333337
2 0.221875 0.28518055555555555 0.0151796875 0.021958333333333333
2 0.19832812500000002 0.23162500000000003 0.0104921875 0.01801388888888889
2 0.13961718750000002 0.18065277777777777 0.013617187499999999 0.015277777777777777
2 0.2940859375 0.12491666666666666 0.010046875 0.018875
2 0.3574765625 0.6628333333333334 0.0386171875 0.04711111111111111
2 0.588390625 0.9333888888888888 0.025 0.048527777777777774
2 0.3138359375 0.9813472222222223 0.0205390625 0.03730555555555556
2 0.8792421875 0.8358055555555555 0.021875 0.043819444444444446
2 0.8805781250000001 0.43295833333333333 0.0245546875 0.027805555555555556
2 0.9229921875 0.49008333333333337 0.0200859375 0.030944444444444445
2 0.9436406249999999 0.34388888888888886 0.0234375 0.02826388888888889
1 0.0267890625 0.1475138888888889 0.053570312499999995 0.119625
1 0.0606015625 0.086625 0.0341484375 0.089125
1 0.092859375 0.10586111111111111 0.025 0.09188888888888888
1 0.13091406249999998 0.1485 0.0363828125 0.11763888888888889
1 0.185265625 0.19769444444444445 0.03125 0.12079166666666666
1 0.21942187500000002 0.23994444444444443 0.0325859375 0.15368055555555557
1 0.2004453125 0.13919444444444445 0.0348203125 0.07916666666666666
1 0.2706484375 0.11438888888888889 0.056921875 0.09704166666666668
1 0.10223437500000002 0.3700555555555555 0.0794609375 0.17581944444444444
1 0.380359375 0.12430555555555556 0.055359375 0.10893055555555556
1 0.4370546875 0.09138888888888888 0.04375 0.08276388888888889
1 0.0400703125 0.7891388888888888 0.0734375 0.311625
1 0.163953125 0.8825833333333334 0.1560234375 0.23262500000000003
1 0.3455390625 0.8415138888888889 0.075 0.289375
1 0.43772656249999997 0.8732083333333334 0.09419531249999999 0.25356944444444446
1 0.5716484375 0.661236111111111 0.0495546875 0.12327777777777779
1 0.6245546875 0.865125 0.1151796875 0.26119444444444445
1 0.9229921875 0.7921250000000001 0.1450859375 0.28980555555555554
1 0.36640625 0.4198333333333333 0.0832578125 0.16825
1 0.49375 0.34308333333333335 0.05892968750000001 0.16948611111111112
1 0.5497734375000001 0.25580555555555556 0.059375 0.15368055555555557
1 0.6151796875 0.22506944444444446 0.06071093749999999 0.15170833333333333
1 0.7910703125 0.39602777777777776 0.06428906250000001 0.23173611111111111
1 0.8491093749999999 0.33116666666666666 0.0375 0.19330555555555556
1 0.8962031250000001 0.40119444444444446 0.0379453125 0.202375
1 0.93984375 0.44145833333333334 0.038171875 0.1916388888888889
1 0.8977656250000001 0.25580555555555556 0.0455390625 0.12194444444444444
1 0.9214296875000001 0.2181111111111111 0.0482109375 0.18147222222222223
1 0.93828125 0.16416666666666668 0.0216484375 0.13706944444444444
1 0.959375 0.14294444444444446 0.0348203125 0.13827777777777778
1 0.9733281249999999 0.2730694444444445 0.0426328125 0.11280555555555555
1 0.9879453125 0.10863888888888888 0.0205390625 0.12123611111111111
1 0.66875 0.170125 0.0339296875 0.12516666666666668
1 0.743078125 0.208 0.06294531249999999 0.1414027777777778
1 0.7206484375 0.16279166666666667 0.0341484375 0.09859722222222221
1 0.75859375 0.11022222222222222 0.0296875 0.10854166666666668
1 0.7159609375 0.09634722222222222 0.0234375 0.08872222222222223
1 0.749109375 0.04913888888888889 0.025 0.049874999999999996
1 0.8358281249999999 0.13381944444444444 0.053351562500000005 0.1279722222222222
1 0.8059140625 0.04676388888888889 0.0292421875 0.06098611111111111
1 0.8861640625 0.07908333333333332 0.0223203125 0.11372222222222221
1 0.8477656250000001 0.036847222222222226 0.025890625 0.04908333333333334
1 0.9401796875 0.04556944444444445 0.0232109375 0.06654166666666667
1 0.96953125 0.028708333333333336 0.0216484375 0.03679166666666667
0 0.5185234375000001 0.1480972222222222 0.229015625 0.204125
0 0.478015625 0.5739305555555556 0.360046875 0.3454861111111111