2 0.282140625 0.9474722222222222 0.0375 0.06477777777777778
2 0.6482109375 0.4283888888888889 0.06428906250000001 0.06233333333333334
2 0.9096015625 0.610875 0.0379453125 0.04634722222222222
2 0.6332578125 0.845125 0.0388359375 0.06643055555555555
2 0.9893984375 0.734638888888889 0.021203125 0.05579166666666667
1 0.0878359375 0.36088888888888887 0.1511171875 0.38766666666666666
1 0.313171875 0.3755833333333334 0.1575859375 0.3614722222222222
1 0.3267890625 0.12091666666666667 0.1535703125 0.2172361111111111
1 0.47533593749999997 0.20004166666666667 0.12254687500000001 0.3318333333333333
1 0.6369453125 0.14650000000000002 0.1153984375 0.28029166666666666
1 0.8591484375 0.052902777777777785 0.12455468750000001 0.10580555555555557
1 0.350890625 0.7488611111111111 0.16607031249999998 0.43343055555555554
1 0.672765625 0.68975 0.1580390625 0.4184027777777778
1 0.8419609375 0.7538333333333334 0.1482109375 0.3917777777777778
1 0.9322578125 0.4529166666666667 0.08549218750000001 0.4447361111111111
1 0.9910703125 0.6387777777777778 0.017859375 0.4632638888888889
0 0.779015625 0.30752777777777773 0.44196093750000004 0.475375