2 0.303125 0.8354027777777778 0.0348203125 0.05095833333333333
2 0.8327031249999999 0.24788888888888888 0.064953125 0.058472222222222224
2 0.8535703124999999 0.5464027777777778 0.0285703125 0.048374999999999994
2 0.657140625 0.8308333333333334 0.0285703125 0.053750000000000006
1 0.0441953125 0.7302083333333333 0.0794609375 0.4675694444444444
1 0.1125 0.3057638888888889 0.1267890625 0.3329583333333333
1 0.240625 0.38886111111111116 0.1330390625 0.3920138888888889
1 0.3566953125 0.1460972222222222 0.1151796875 0.2874305555555555
1 0.4364921875 0.33352777777777776 0.11629687500000001 0.3884722222222222
1 0.5276796874999999 0.17802777777777778 0.1267890625 0.28384722222222225
1 0.6362734375 0.08998611111111111 0.064953125 0.15536111111111112
1 0.747546875 0.11061111111111112 0.070984375 0.21248611111111113
1 0.8666328125 0.42794444444444446 0.088171875 0.3709583333333333
1 0.960046875 0.56875 0.06741406250000001 0.45418055555555553
1 0.3683046875 0.6691111111111111 0.11160937500000001 0.5040972222222222
1 0.5581484375 0.6885555555555556 0.1140625 0.48743055555555553
1 0.6033515625 0.519375 0.13080468750000002 0.40700000000000003
1 0.728234375 0.7197083333333334 0.11495312499999999 0.4029166666666667
1 0.8631718749999999 0.8375 0.159375 0.325
0 0.893640625 0.18040277777777775 0.20914843749999998 0.35206944444444443
0 0.11942187500000001 0.06955555555555555 0.23883593749999998 0.12641666666666665