0 0.18839062499999998 0.45258333333333334 0.06428906250000001 0.102777777777777771 0.3181953125 0.5824444444444444 0.1296875 0.46170833333333333
1 0.434375 0.49204166666666665 0.0473203125 0.18566666666666667
1 0.473328125 0.47875 0.024773437500000002 0.17098611111111112
1 0.3956484375 0.464875 0.021203125 0.11943055555555555
1 0.5505546875 0.5259444444444444 0.063171875 0.2733055555555556
1 0.7966484375 0.538236111111111 0.1066953125 0.2582222222222222
1 0.49497656250000005 0.459125 0.010046875 0.09602777777777778
1 0.69375 0.4789583333333334 0.0482109375 0.13568055555555555
1 0.734265625 0.4809444444444444 0.024328125 0.13172222222222224
2 0.3106015625 0.6668055555555555 0.0341484375 0.05504166666666667
2 0.393859375 0.4761944444444445 0.008703125 0.011125
2 0.4375 0.51825 0.017859375 0.01586111111111111
2 0.46897656249999997 0.49940277777777775 0.013835937500000001 0.021819444444444447
2 0.5629453125 0.5783472222222222 0.0276796875 0.028916666666666667
2 0.8224296875 0.5779444444444445 0.0265625 0.036055555555555556
2 0.680578125 0.48670833333333335 0.008484374999999999 0.012305555555555554
2 0.7191953125 0.49801388888888887 0.009820312500000001 0.015069444444444444
