2 0.5986640624999999 0.5150694444444445 0.01875 0.025374999999999998
2 0.625 0.6144444444444445 0.017859375 0.029680555555555557
2 0.7151796874999999 0.7887916666666666 0.019640625000000002 0.03313888888888889
2 0.8107109375 0.3567916666666667 0.0142890625 0.018333333333333333
2 0.694640625 0.45775 0.0142890625 0.025805555555555554
2 0.6396171875000001 0.4192638888888889 0.013617187499999999 0.020277777777777777
2 0.8084843749999999 0.5650555555555555 0.01875 0.03011111111111111
2 0.8633906250000001 0.5944166666666667 0.0214296875 0.025333333333333333
2 0.7596015625 0.43751388888888887 0.014734375 0.025027777777777777
2 0.8001093750000001 0.26594444444444443 0.0265625 0.019194444444444445
2 0.0870546875 0.355 0.013390625 0.018736111111111113
2 0.158484375 0.2641527777777778 0.013390625 0.019583333333333335
1 0.078015625 0.314125 0.0421875 0.11952777777777777
1 0.22857031249999998 0.2609722222222222 0.0464296875 0.09258333333333332
1 0.342859375 0.22209722222222222 0.051789062500000003 0.06245833333333333
1 0.3950859375 0.26116666666666666 0.0401796875 0.12075
1 0.1081484375 0.6868055555555556 0.11585156249999999 0.26566666666666666
1 0.0643984375 0.5711805555555556 0.0729921875 0.17331944444444444
1 0.0950859375 0.44027777777777777 0.09196093749999999 0.13372222222222221
1 0.2754453125 0.6050833333333334 0.086609375 0.24509722222222222
1 0.2464296875 0.457125 0.0910703125 0.17933333333333334
1 0.31741406250000004 0.40119444444444446 0.0723203125 0.15477777777777776
1 0.41919531250000003 0.45951388888888894 0.0705390625 0.1364861111111111
1 0.467859375 0.38811111111111113 0.051789062500000003 0.13654166666666667
1 0.514734375 0.2881388888888889 0.038390625 0.12708333333333333
1 0.5296875 0.41548611111111106 0.045984375 0.11986111111111111
1 0.6125 0.21475 0.019640625000000002 0.09936111111111112
1 0.6362734375 0.2445 0.0203125 0.13504166666666667
1 0.68125 0.2518472222222222 0.032140625 0.11401388888888889
1 0.660265625 0.17529166666666665 0.025890625 0.06406944444444444
1 0.693078125 0.17270833333333332 0.0245546875 0.07875
1 0.7276796875 0.1639861111111111 0.017859375 0.07716666666666668
1 0.7526796874999999 0.21256944444444445 0.0232109375 0.1227638888888889
1 0.7848203125000001 0.1423611111111111 0.051789062500000003 0.10138888888888889
1 0.6080390625 0.46288888888888885 0.0375 0.15513888888888888
1 0.659375 0.5507361111111111 0.05982031249999999 0.22370833333333331
1 0.7513359375 0.7215138888888889 0.10089062499999998 0.2755694444444444
1 0.653125 0.36430555555555555 0.0473203125 0.10481944444444444
1 0.70625 0.398625 0.0375 0.12184722222222223
1 0.7277890625000001 0.332375 0.0426328125 0.09254166666666666
1 0.7732109375 0.401 0.0375 0.15834722222222222
1 0.81640625 0.31551388888888887 0.0457578125 0.09452777777777778
1 0.8189765625 0.4862916666666667 0.035265625 0.178125
1 0.865625 0.3609305555555556 0.0526796875 0.1655138888888889
1 0.8794609375 0.5449999999999999 0.053570312499999995 0.15270833333333333
1 0.9642890625 0.37262500000000004 0.0625 0.20875000000000002
1 0.883703125 0.099125 0.039734375 0.08633333333333333
1 0.9263359375 0.10468055555555557 0.03125 0.08156944444444444
1 0.9810234375 0.1413611111111111 0.0379453125 0.15097222222222223
0 0.834375 0.24986111111111112 0.1151796875 0.10211111111111111
0 0.10770312500000001 0.2669166666666667 0.1685234375 0.16001388888888887
1 0.6026796875 0.9254444444444445 0.1607109375 0.1437361111111111
1 0.12254687500000001 0.9446388888888889 0.12455468750000001 0.11070833333333333
1 0.3166328125 0.9585277777777778 0.13995312499999998 0.08293055555555556
1 0.012609375 0.5440138888888889 0.0229921875 0.15468055555555557