2 0.570984375 0.5890555555555556 0.016960937500000002 0.02652777777777778
2 0.5533515625 0.8744722222222222 0.0308046875 0.04577777777777778
2 0.7347109374999999 0.5176527777777777 0.016296875 0.026569444444444444
2 0.713390625 0.46290277777777783 0.0160703125 0.028194444444444446
2 0.8319218749999999 0.5097083333333333 0.016515625 0.026569444444444444
2 0.8995546875 0.3294166666666667 0.013390625 0.019152777777777776
2 0.98984375 0.29073611111111114 0.013171875 0.017194444444444446
2 0.9024531250000001 0.1981111111111111 0.014734375 0.018444444444444444
2 0.8447578124999999 0.2562222222222222 0.0176328125 0.01959722222222222
2 0.16997656249999998 0.36651388888888886 0.0207578125 0.017930555555555557
2 0.1583671875 0.34469444444444447 0.0153984375 0.013986111111111112
2 0.08883593749999999 0.46290277777777783 0.016960937500000002 0.012319444444444444
2 0.0346015625 0.28994444444444445 0.011164062499999999 0.015597222222222222
2 0.9761171875000001 0.21913888888888888 0.010265625 0.020805555555555556
1 0.0267890625 0.2562083333333333 0.044640625 0.09893055555555556
1 0.055359375 0.22169444444444444 0.030359375 0.08547222222222223
1 0.10625 0.2383611111111111 0.042859375 0.10291666666666666
1 0.140734375 0.28973611111111114 0.0203125 0.11438888888888889
1 0.1745546875 0.3385138888888889 0.0276796875 0.15640277777777778
1 0.0963203125 0.4021944444444444 0.078796875 0.12105555555555556
1 0.132921875 0.56225 0.1341484375 0.19116666666666665
1 0.053351562500000005 0.643375 0.09330468750000001 0.2065972222222222
1 0.029015625 0.7953333333333333 0.0580390625 0.1057361111111111
1 0.055359375 0.93175 0.11071093750000001 0.1365138888888889
1 0.338390625 0.5085 0.0964296875 0.15906944444444446
1 0.4136171875 0.36887499999999995 0.0638359375 0.11790277777777777
1 0.397765625 0.2597916666666667 0.063390625 0.06640277777777778
1 0.3392890625 0.22170833333333334 0.0714296875 0.06959722222222223
1 0.486609375 0.22526388888888887 0.044640625 0.11640277777777779
1 0.5544609375 0.2326111111111111 0.0464296875 0.095375
1 0.5246640625000001 0.32881944444444444 0.07388281249999999 0.06159722222222223
1 0.5041328125 0.4129027777777778 0.077453125 0.15040277777777777
1 0.5982109375 0.5414305555555555 0.080359375 0.1693611111111111
1 0.594640625 0.8175138888888889 0.1 0.26122222222222224
1 0.7228828125 0.4105138888888889 0.0238828125 0.19324999999999998
1 0.7638359375 0.4769583333333334 0.0455390625 0.219
1 0.8444218749999999 0.46605555555555556 0.0683046875 0.16147222222222224
1 0.9083671875 0.3117361111111111 0.0332578125 0.14650000000000002
1 0.8486640624999999 0.2449027777777778 0.036609375 0.11202777777777777
1 0.754578125 0.22327777777777777 0.0515625 0.1362361111111111
1 0.7005546875 0.2228888888888889 0.0328125 0.09577777777777777
1 0.6612734375 0.23002777777777778 0.0435234375 0.12593055555555555
1 0.8214296875 0.11498611111111112 0.0267890625 0.07045833333333333
1 0.9888359375 0.28755555555555556 0.0223203125 0.07431944444444444
1 0.9753359375 0.20425000000000001 0.0332578125 0.06643055555555555
1 0.9026796875 0.18559722222222222 0.0285703125 0.06883333333333333
1 0.9375 0.22070833333333334 0.0357109375 0.11918055555555555
1 0.8489921875 0.12966666666666665 0.0216484375 0.06013888888888889
1 0.8944218749999999 0.11459722222222223 0.0433046875 0.06173611111111112
0 0.9704218750000001 0.11875 0.0591484375 0.09783333333333333