2 0.17767968750000002 0.3234722222222222 0.0160703125 0.015180555555555555
2 0.0541328125 0.29609722222222223 0.0078125 0.016
2 0.24151562499999998 0.297875 0.009820312500000001 0.015597222222222222
2 0.41484375 0.5817222222222221 0.014953125000000001 0.03168055555555555
2 0.11160937500000001 0.28479166666666667 0.0089296875 0.013222222222222222
1 0.015625 0.31055555555555553 0.03125 0.15205555555555555
1 0.04453125 0.25581944444444443 0.028796875 0.09020833333333333
1 0.096984375 0.26613888888888887 0.022101562499999998 0.07909722222222222
1 0.13125 0.27445833333333336 0.0125 0.08781944444444444
1 0.161609375 0.3073888888888889 0.0375 0.11397222222222222
1 0.1919609375 0.2611805555555556 0.017859375 0.05727777777777778
1 0.2262265625 0.2887361111111111 0.05289843749999999 0.11636111111111111
1 0.366515625 0.2984583333333333 0.054460937499999994 0.10009722222222221
1 0.41428906249999997 0.25701388888888893 0.051789062500000003 0.05291666666666667
1 0.47109375 0.28099999999999997 0.064953125 0.09693055555555556
1 0.247546875 0.5573055555555555 0.115625 0.15348611111111113
1 0.3722109375 0.4517777777777777 0.0502265625 0.13293055555555555
1 0.42734375 0.5465833333333333 0.039953125 0.21934722222222222
1 0.46674218749999996 0.4327361111111111 0.06294531249999999 0.12658333333333333
1 0.5434140625 0.5055277777777778 0.06674218750000001 0.19676388888888888
1 0.589734375 0.36054166666666665 0.0455390625 0.12504166666666666
1 0.6575859375 0.3942638888888889 0.05625 0.12105555555555556
1 0.7838203125 0.3327638888888889 0.05200781249999999 0.133
1 0.9129453125 0.44443055555555555 0.0848203125 0.16981944444444444
1 0.7097109374999999 0.23973611111111112 0.0466484375 0.1572638888888889
1 0.8186406249999999 0.1867916666666667 0.041296875 0.09501388888888888
1 0.8872734375 0.17845833333333336 0.0379453125 0.08629166666666667
1 0.9245546875 0.10487500000000001 0.0276796875 0.06213888888888889
1 0.9546875 0.10269444444444444 0.0120546875 0.06966666666666667
1 0.9747734375 0.10825 0.007585937500000001 0.04904166666666667
1 0.9454218750000001 0.16934722222222223 0.0270078125 0.044236111111111115
1 0.9900703125 0.15565277777777778 0.0091484375 0.10018055555555555
0 0.981359375 0.26949999999999996 0.031921875 0.066