2 0.319640625 0.26693055555555556 0.0232109375 0.017208333333333332
2 0.0190859375 0.19076388888888887 0.022546875 0.02359722222222222
2 0.3793515625 0.20980555555555555 0.0109375 0.029930555555555557
2 0.4978828125 0.23956944444444445 0.0113828125 0.01801388888888889
1 0.013835937500000001 0.39644444444444443 0.0276796875 0.1452638888888889
1 0.0275703125 0.2702916666666667 0.0395078125 0.11519444444444445
1 0.08549218750000001 0.24152777777777779 0.041515625 0.12512500000000001
1 0.1496640625 0.30143055555555553 0.038171875 0.14175000000000001
1 0.14364062500000002 0.13958333333333334 0.0484375 0.10376388888888888
1 0.1941953125 0.13998611111111112 0.0223203125 0.049013888888888885
1 0.23348437500000002 0.1265 0.0294609375 0.06965277777777777
1 0.2770078125 0.15902777777777777 0.0316953125 0.05536111111111111
1 0.3572578125 0.18916666666666665 0.0604921875 0.1156388888888889
1 0.40546875 0.14593055555555554 0.031921875 0.08472222222222223
1 0.4370546875 0.11043055555555556 0.0526796875 0.08911111111111111
1 0.43348437500000003 0.1877916666666667 0.01875 0.06129166666666667
1 0.474328125 0.21177777777777776 0.033484375 0.08944444444444445
1 0.4066953125 0.47815277777777776 0.09017968750000001 0.18170833333333336
1 0.47276562499999997 0.42162499999999997 0.088390625 0.1995833333333333
1 0.5388359375 0.319875 0.07767968750000001 0.15879166666666666
1 0.6299140624999999 0.344875 0.099109375 0.12148611111111111
1 0.6387265625 0.5033472222222223 0.11004687500000002 0.17256944444444444
1 0.8526796875 0.544 0.1339296875 0.21815277777777778
1 0.7386171874999999 0.23577777777777775 0.07991406250000001 0.11758333333333333
1 0.8397343749999999 0.30044444444444446 0.08125 0.112
1 0.9420781249999999 0.3613194444444444 0.0872734375 0.17423611111111112
1 0.8875 0.04815277777777778 0.042859375 0.06772222222222223
1 0.9247734375000001 0.06381944444444444 0.014734375 0.07127777777777777
1 0.9485468750000001 0.07095833333333333 0.024328125 0.06969444444444445
1 0.9479921875 0.019791666666666666 0.0254453125 0.022916666666666665
1 0.9861640625 0.05668055555555556 0.025890625 0.072875
0 0.232703125 0.2175277777777778 0.239953125 0.17631944444444445
0 0.0276796875 0.14315277777777777 0.0464296875 0.11883333333333333