2 0.18950781249999998 0.25027777777777777 0.0263359375 0.015625
2 0.5064765625 0.29530555555555554 0.0174140625 0.014416666666666668
2 0.588171875 0.259 0.011164062499999999 0.017208333333333332
2 0.8491093749999999 0.334375 0.0107109375 0.025097222222222222
2 0.7341484375 0.28934722222222226 0.008484374999999999 0.026319444444444444
2 0.31539843749999996 0.15665277777777778 0.010265625 0.01886111111111111
2 0.9706484375000001 0.11341666666666667 0.0104921875 0.019680555555555555
1 0.009820312500000001 0.3466527777777778 0.019640625000000002 0.15281944444444445
1 0.0183046875 0.26295833333333335 0.0276796875 0.08861111111111111
1 0.0151796875 0.19194444444444442 0.030359375 0.08151388888888889
1 0.0205390625 0.13780555555555554 0.0232109375 0.07243055555555555
1 0.04609375 0.13680555555555557 0.009601562499999999 0.09027777777777778
1 0.061164062500000005 0.0995138888888889 0.024109375 0.06333333333333334
1 0.0989921875 0.09931944444444445 0.0127265625 0.06690277777777778
1 0.1314765625 0.11141666666666666 0.0174140625 0.05538888888888889
1 0.1796875 0.1284722222222222 0.015625 0.08155555555555555
1 0.214953125 0.14830555555555555 0.0236640625 0.10534722222222222
1 0.2738828125 0.17706944444444445 0.034375 0.07954166666666668
1 0.2974296875 0.13204166666666667 0.0301328125 0.09662499999999999
1 0.3341484375 0.16140277777777776 0.020984375 0.09184722222222222
1 0.275890625 0.2760416666666667 0.051789062500000003 0.10684722222222223
1 0.2044609375 0.29747222222222225 0.025 0.11794444444444445
1 0.2611640625 0.33673611111111107 0.0580390625 0.17266666666666666
1 0.366515625 0.3202777777777778 0.09017968750000001 0.11991666666666667
1 0.4013359375 0.46863888888888894 0.12410937500000001 0.16266666666666668
1 0.5799140625 0.5547222222222222 0.1151796875 0.15230555555555556
1 0.567296875 0.4529722222222222 0.11004687500000002 0.15911111111111112
1 0.7109375 0.4309444444444444 0.1316953125 0.20633333333333334
1 0.5223203125 0.19491666666666668 0.044640625 0.09143055555555556
1 0.42991406249999997 0.13065277777777776 0.05625 0.0898888888888889
1 0.5700859375 0.24409722222222222 0.050890625 0.17391666666666666
1 0.63671875 0.20979166666666668 0.0479921875 0.12513888888888888
1 0.709375 0.2526388888888889 0.0526796875 0.13145833333333334
1 0.8080390625 0.2692777777777778 0.0892890625 0.22825
1 0.9049140625 0.23399999999999999 0.050890625 0.11798611111111111
1 0.9719843750000001 0.354 0.039953125 0.13179166666666667
1 0.9596015625 0.26056944444444446 0.0486640625 0.13145833333333334
1 0.9760078125 0.11419444444444445 0.0479921875 0.10061111111111111
1 0.8974296875000001 0.053111111111111116 0.024773437500000002 0.07366666666666667
1 0.9223203124999999 0.05469444444444445 0.0232109375 0.07684722222222222
1 0.9578125 0.05588888888888889 0.0183046875 0.07129166666666667
0 0.4161796875 0.2683055555555556 0.2140625 0.16676388888888888
0 0.1283515625 0.1915277777777778 0.1808046875 0.23147222222222222