0 0.315625 0.4543611111111111 0.024109375 0.08651388888888889
1 0.17388281249999998 0.4561527777777778 0.0486640625 0.07024999999999999
1 0.2418515625 0.5055138888888889 0.0484375 0.212625
1 0.28526562499999997 0.47656944444444443 0.025890625 0.13093055555555555
1 0.3410703125 0.44781944444444444 0.0125 0.06152777777777777
1 0.3638359375 0.5015555555555555 0.0401796875 0.20469444444444443
1 0.4015625 0.474 0.021875 0.11387499999999999
1 0.4228828125 0.4605138888888889 0.013171875 0.08690277777777777
1 0.4482109375 0.4989861111111111 0.030359375 0.17177777777777778
1 0.5681953125 0.5207916666666667 0.049328125 0.1915972222222222
1 0.49475781249999995 0.5560833333333334 0.0676328125 0.34945833333333337
1 0.1026796875 0.6081805555555555 0.1875 0.72748611111111112 0.035265625 0.8949027777777778 0.07053125 0.09059722222222223
2 0.2333671875 0.5365 0.022546875 0.02061111111111111
2 0.3643984375 0.5323333333333333 0.021203125 0.01625
2 0.49944531249999996 0.6263472222222223 0.0278984375 0.03761111111111111
2 0.5734375 0.5444305555555555 0.0174140625 0.02059722222222222
2 0.45346093749999994 0.5269722222222223 0.016296875 0.017444444444444446
2 0.4066953125 0.4912777777777778 0.009820312500000001 0.009527777777777777
2 0.2879453125 0.49008333333333337 0.013390625 0.015083333333333332
