2 0.105359375 0.4369166666666666 0.0142890625 0.019875
2 0.181359375 0.3216805555555556 0.012273437500000001 0.015583333333333334
2 0.736609375 0.20544444444444443 0.017859375 0.013277777777777779
2 0.2409609375 0.7437638888888889 0.0198671875 0.034361111111111106
2 0.5705390625 0.6983472222222222 0.0160703125 0.02684722222222222
2 0.636046875 0.5368888888888889 0.0153984375 0.029333333333333336
2 0.8361640625 0.2651527777777778 0.011609375 0.017597222222222222
2 0.815625 0.2354027777777778 0.00625 0.013652777777777778
2 0.5816953125000001 0.31572222222222224 0.0294609375 0.02351388888888889
1 0.11283593750000001 0.2308333333333333 0.0403984375 0.06404166666666666
1 0.0818046875 0.31175 0.027453125000000002 0.09890277777777777
1 0.113171875 0.4263888888888889 0.061164062500000005 0.1297638888888889
1 0.17667187499999998 0.31551388888888887 0.043078125 0.11040277777777777
1 0.342859375 0.29230555555555554 0.07857031249999999 0.11556944444444443
1 0.4328125 0.29430555555555554 0.039734375 0.064
1 0.42421875 0.3405138888888889 0.0515625 0.07309722222222223
1 0.49419531250000004 0.3069861111111111 0.0419609375 0.10525
1 0.2044609375 0.5120833333333333 0.051789062500000003 0.14240277777777777
1 0.46607031250000003 0.7242916666666667 0.0839296875 0.25731944444444443
1 0.411046875 0.9228194444444444 0.12789843750000002 0.15436111111111112
1 0.589953125 0.6675694444444444 0.077234375 0.24704166666666666
1 0.6425234375 0.49343055555555554 0.06852343749999999 0.17654166666666665
1 0.6629453125 0.40595833333333337 0.0580390625 0.13255555555555557
1 0.7356015625000001 0.4601111111111111 0.0627265625 0.1733888888888889
1 0.8184140624999999 0.20920833333333333 0.0185234375 0.07238888888888889
1 0.83984375 0.24708333333333335 0.0167421875 0.10448611111111111
1 0.8652890624999999 0.15188888888888888 0.0229921875 0.05694444444444444
1 0.79296875 0.12669444444444444 0.021203125 0.05022222222222222
1 0.7296875 0.13780555555555554 0.0263359375 0.05655555555555555
1 0.6767890624999999 0.1969027777777778 0.0232109375 0.08745833333333333
0 0.76015625 0.1840138888888889 0.0939765625 0.11326388888888889
1 0.0359375 0.16597222222222222 0.040625 0.05733333333333333