2 0.11473437500000001 0.3954722222222222 0.0151796875 0.020291666666666666
2 0.153796875 0.297875 0.008484374999999999 0.015597222222222222
2 0.059484375 0.32881944444444444 0.009601562499999999 0.013986111111111112
2 0.5714296875 0.6136527777777777 0.017859375 0.02809722222222222
2 0.545203125 0.7993055555555556 0.0167421875 0.034319444444444444
2 0.67265625 0.5434305555555555 0.0171875 0.022583333333333337
2 0.726453125 0.3659166666666666 0.013171875 0.028652777777777777
2 0.7177421875000001 0.22091666666666668 0.018078125 0.020402777777777777
2 0.8696406250000001 0.22170833333333334 0.007140625 0.022
2 0.8537968749999999 0.19830555555555557 0.0066953125 0.01486111111111111
1 0.0357109375 0.224875 0.044640625 0.07594444444444444
1 0.0450859375 0.30341666666666667 0.054460937499999994 0.10604166666666666
1 0.1161796875 0.37719444444444444 0.033703125 0.12662500000000002
1 0.1421875 0.28219444444444447 0.0388359375 0.09137500000000001
1 0.2949765625 0.46823611111111113 0.074328125 0.13806944444444444
1 0.3103828125 0.36233333333333334 0.07388281249999999 0.09291666666666668
1 0.36953125 0.291125 0.080578125 0.121125
1 0.2996640625 0.8889305555555556 0.1238828125 0.21358333333333335
1 0.5676328125000001 0.7431388888888888 0.0683046875 0.20375
1 0.58984375 0.5559166666666666 0.061382812499999995 0.14675
1 0.6857109375 0.499375 0.0410703125 0.18050000000000002
1 0.702234375 0.39069444444444446 0.0473203125 0.1218611111111111
1 0.7387265625 0.3361388888888889 0.0332578125 0.1516388888888889
1 0.787390625 0.3896944444444444 0.0323671875 0.17144444444444445
1 0.6004453125 0.22566666666666665 0.0223203125 0.06166666666666666
1 0.643640625 0.22923611111111114 0.0216484375 0.10847222222222222
1 0.6987734375 0.18441666666666667 0.0292421875 0.09025000000000001
1 0.8556953125 0.18044444444444444 0.0171875 0.06644444444444444
1 0.8767890625 0.2187222222222222 0.0125 0.10729166666666666
1 0.8901796875000001 0.11479166666666668 0.0214296875 0.07402777777777778
1 0.7578125 0.13681944444444444 0.0200859375 0.042680555555555555
0 0.737390625 0.1951111111111111 0.093078125 0.13547222222222224