2 0.166515625 0.6539166666666667 0.0294609375 0.03322222222222222
2 0.558703125 0.6412222222222222 0.014734375 0.023708333333333335
2 0.7097109374999999 0.496625 0.0109375 0.024194444444444446
2 0.8021171875 0.4168888888888889 0.0171875 0.015527777777777777
2 0.78515625 0.3653194444444444 0.010046875 0.02348611111111111
2 0.6215390625 0.3978472222222222 0.0176328125 0.025055555555555553
2 0.0921875 0.3177083333333333 0.010265625 0.02351388888888889
0 0.2513359375 0.5390277777777778 0.2348203125 0.30741666666666667
1 0.09196093749999999 0.30679166666666663 0.05 0.09294444444444444
1 0.440515625 0.29727777777777775 0.05289843749999999 0.07391666666666666
1 0.44721093749999996 0.3899027777777778 0.0484375 0.10440277777777777
1 0.5035703125000001 0.3373333333333333 0.0339296875 0.09848611111111111
1 0.5736640625 0.24073611111111112 0.03125 0.09180555555555554
1 0.6073671875 0.24708333333333335 0.013835937500000001 0.08862500000000001
1 0.572765625 0.5989444444444445 0.0473203125 0.19709722222222223
1 0.429015625 0.6723333333333333 0.0723203125 0.17722222222222223
1 0.7205390625 0.4492083333333333 0.0482109375 0.1317361111111111
1 0.8081484375000001 0.3922777777777778 0.024773437500000002 0.10916666666666666
1 0.783484375 0.3262361111111111 0.0223203125 0.0921388888888889
1 0.8020078125 0.2677222222222222 0.0191953125 0.08226388888888889
1 0.8213203124999999 0.25819444444444445 0.0109375 0.07909722222222222
1 0.8433046875000001 0.21694444444444444 0.0080390625 0.07594444444444444
1 0.8669609375 0.2716805555555556 0.019640625000000002 0.12193055555555557
0 0.0911796875 0.9129027777777777 0.1801328125 0.17420833333333335
1 0.0271171875 0.1971111111111111 0.0386171875 0.08388888888888889
1 0.7486640625 0.14533333333333334 0.024109375 0.06369444444444444
1 0.8102656250000001 0.10745833333333334 0.0223203125 0.04745833333333334