2 0.2174140625 0.8183472222222222 0.024109375 0.04066666666666667
2 0.64921875 0.45418055555555553 0.0104921875 0.02661111111111111
2 0.7390625 0.42462500000000003 0.009375 0.019083333333333334
2 0.8143984375000001 0.3385416666666667 0.0104921875 0.013583333333333333
2 0.6223203125000001 0.3266388888888889 0.0214296875 0.021527777777777778
2 0.87109375 0.2966944444444444 0.0078125 0.021152777777777777
2 0.8526796875 0.26019444444444445 0.0089296875 0.01165277777777778
2 0.726453125 0.30184722222222227 0.013171875 0.02352777777777778
2 0.0142890625 0.28538888888888886 0.0107109375 0.01838888888888889
1 0.01171875 0.2794166666666667 0.021203125 0.07788888888888888
1 0.1705390625 0.5775277777777778 0.082140625 0.1701388888888889
1 0.323328125 0.47459722222222217 0.0729921875 0.10315277777777777
1 0.448328125 0.3914861111111111 0.046203125 0.10756944444444445
1 0.40223437500000003 0.29627777777777775 0.054460937499999994 0.09176388888888888
1 0.4861640625 0.31095833333333334 0.0348203125 0.09730555555555556
1 0.6580390625 0.42262500000000003 0.057140625 0.10240277777777779
1 0.75 0.4081527777777778 0.044640625 0.10915277777777778
1 0.821203125 0.32166666666666666 0.0308046875 0.09491666666666668
1 0.8302421875 0.21694444444444444 0.0198671875 0.07594444444444444
1 0.87578125 0.2867638888888889 0.0216484375 0.07273611111111111
1 0.8533515625 0.23955555555555555 0.014734375 0.065625
1 0.8816953125 0.17569444444444443 0.03125 0.05693055555555556
0 0.6525703125 0.283375 0.10200781249999999 0.13343055555555555
0 0.34866406250000004 0.7004583333333333 0.3669609375 0.431875