2 0.5825859375 0.45418055555555553 0.0223203125 0.02661111111111111
2 0.766515625 0.3224722222222222 0.0151796875 0.033041666666666664
2 0.8191953125 0.3841666666666667 0.013390625 0.017527777777777778
1 0.6918515625 0.2611805555555556 0.0377265625 0.07313888888888888
1 0.7723203125 0.22706944444444446 0.0267890625 0.03666666666666667
1 0.8255546875 0.3708611111111111 0.0417421875 0.11393055555555556
1 0.80859375 0.16518055555555555 0.0167421875 0.05575
1 0.8828125 0.21456944444444445 0.029015625 0.07119444444444444
0 0.78515625 0.3081805555555555 0.099328125 0.13143055555555555
0 0.592859375 0.41765277777777776 0.1142890625 0.19165277777777778
0 0.205359375 0.8751944444444444 0.3839296875 0.24959722222222222
1 0.0263359375 0.24887499999999999 0.0526796875 0.10409722222222223