2 0.653125 0.5128888888888888 0.0294609375 0.017055555555555553
2 0.240515625 0.8707083333333333 0.0278984375 0.050152777777777775
2 0.829015625 0.27447222222222223 0.0151796875 0.024347222222222225
0 0.622765625 0.46525000000000005 0.1473203125 0.20750000000000002
1 0.450890625 0.8889305555555556 0.0892890625 0.18184722222222224
1 0.716515625 0.8401527777777777 0.12053906249999999 0.12395833333333334
1 0.8651796875000001 0.3665 0.0339296875 0.06554166666666666
1 0.8831484375 0.30819444444444444 0.031921875 0.03622222222222222
1 0.856359375 0.19593055555555555 0.0229921875 0.025972222222222223
1 0.8333671875 0.18441666666666667 0.0261171875 0.042638888888888886
1 0.613171875 0.32008333333333333 0.0433046875 0.0758888888888889
0 0.3526796875 0.8032222222222223 0.3482109375 0.35961111111111116
0 0.8488828125 0.26156944444444447 0.0861640625 0.11361111111111111
1 0.0464296875 0.2657361111111111 0.057140625 0.10209722222222223