2 0.0239921875 0.3851527777777778 0.0234375 0.015541666666666665
2 0.8327031249999999 0.31275000000000003 0.0113828125 0.017569444444444447
2 0.9077031249999999 0.31354166666666666 0.009601562499999999 0.019152777777777776
1 0.0840390625 0.3625277777777777 0.0408515625 0.08934722222222222
1 0.6239921875000001 0.30420833333333336 0.053796875 0.09176388888888888
1 0.7378359375 0.30243055555555554 0.0403984375 0.09215277777777776
1 0.7848203125000001 0.2562222222222222 0.025 0.06719444444444445
1 0.7997734375000001 0.20206944444444447 0.0325859375 0.05811111111111111
1 0.8401796875 0.29706944444444444 0.0375 0.07748611111111112
1 0.9181953125 0.29488888888888887 0.0261171875 0.10088888888888889
1 0.9545781249999999 0.5049305555555555 0.0765625 0.1915972222222222
1 0.905359375 0.14673611111111112 0.025 0.05456944444444444
1 0.1291328125 0.2718888888888889 0.050671875 0.07075
0 0.026671875 0.373625 0.0466484375 0.14329166666666668