2 0.025890625 0.3887222222222222 0.025 0.01475
2 0.2564765625 0.3603611111111111 0.008484374999999999 0.017541666666666667
2 0.3848203125 0.62 0.0107109375 0.024916666666666667
1 0.081359375 0.3672916666666666 0.0354921875 0.08299999999999999
1 0.234375 0.3419027777777778 0.0580390625 0.07983333333333333
1 0.408484375 0.5763333333333333 0.0669609375 0.15981944444444443
1 0.3755546875 0.5017638888888889 0.052453125 0.16938888888888887
1 0.5083671875 0.44126388888888884 0.0546875 0.115875
1 0.497765625 0.3363472222222222 0.0580390625 0.06873611111111111
1 0.9883906250000001 0.1979027777777778 0.0214296875 0.06961111111111111
0 0.9622734375 0.116375 0.0450859375 0.07719444444444444
0 0.0263359375 0.3710555555555556 0.0526796875 0.1262361111111111
1 0.12789843750000002 0.26395833333333335 0.0370546875 0.05488888888888889