0 0.1799140625 0.4745833333333333 0.08303906250000001 0.1507638888888889
1 0.2598203125 0.5080972222222222 0.055359375 0.22968055555555555
1 0.344421875 0.47241666666666665 0.0236640625 0.11069444444444444
1 0.36875 0.4866944444444445 0.0142890625 0.13925
1 0.40289843750000004 0.5245555555555556 0.033484375 0.21895833333333334
1 0.44375 0.5089027777777778 0.030359375 0.18366666666666667
1 0.487609375 0.5029444444444444 0.0265625 0.16383333333333333
1 0.6089296875 0.5096944444444444 0.0482109375 0.16938888888888887
1 0.7044609375 0.49244444444444446 0.051789062500000003 0.09918055555555555
1 0.777234375 0.5848333333333333 0.09017968750000001 0.35538888888888887
1 0.08247656249999999 0.6206805555555556 0.14932812499999998 0.7564305555555555
1 0.568640625 0.6524305555555555 0.1573671875 0.62947222222222222 0.24609375 0.5293472222222222 0.0167421875 0.022194444444444444
2 0.16473437500000002 0.48373611111111114 0.016960937500000002 0.01826388888888889
2 0.40211718750000003 0.5545416666666666 0.0207578125 0.028930555555555553
2 0.5745546874999999 0.8429305555555555 0.05982031249999999 0.08983333333333335
2 0.44564843749999994 0.5323333333333333 0.0140625 0.01625
2 0.3441953125 0.49425 0.009820312500000001 0.019444444444444445
2 0.79765625 0.6350694444444445 0.035046875 0.03919444444444444
