0 0.128125 0.464875 0.05982031249999999 0.10355555555555555
1 0.175890625 0.4666666666666667 0.030359375 0.08729166666666667
1 0.2770078125 0.5013611111111111 0.058484375 0.20826388888888886
1 0.234375 0.44525 0.0223203125 0.06033333333333333
1 0.36317187500000003 0.4597222222222222 0.016515625 0.08531944444444445
1 0.4041328125 0.5279305555555556 0.056023437499999995 0.2217361111111111
1 0.44263281250000003 0.4759861111111111 0.014734375 0.09402777777777778
1 0.46227343750000005 0.5057222222222222 0.0361640625 0.22493055555555555
1 0.5058046875 0.5033472222222223 0.038390625 0.18843055555555555
1 0.5625 0.4884722222222222 0.0357109375 0.15472222222222223
1 0.7482109375 0.501375 0.05892968750000001 0.11305555555555556
1 0.87734375 0.6034722222222222 0.127453125 0.3847361111111111
1 0.11953125 0.6000416666666666 0.2145078125 0.7627916666666668
1 0.6525703125 0.6563888888888889 0.2270078125 0.66913888888888882 0.26964062499999997 0.5261805555555555 0.0214296875 0.01584722222222222
2 0.408703125 0.557125 0.0183046875 0.03011111111111111
2 0.46294531250000004 0.5398611111111111 0.0151796875 0.023374999999999996
2 0.5082578125 0.5295555555555556 0.0120546875 0.018625
2 0.6808046875 0.9325833333333334 0.075890625 0.11040277777777777
2 0.9084843749999999 0.6559027777777777 0.0401796875 0.045125000000000005
