2 0.6089296875 0.5813194444444445 0.0214296875 0.022958333333333334
2 0.9356015624999999 0.30223611111111115 0.0073671875 0.01638888888888889
2 0.8852656250000001 0.2718888888888889 0.0205390625 0.02315277777777778
2 0.6107109375 0.47302777777777777 0.0160703125 0.020638888888888887
2 0.3106015625 0.41054166666666664 0.0073671875 0.018694444444444444
2 0.23258593749999998 0.3934861111111111 0.009820312500000001 0.008402777777777778
2 0.2125 0.4089583333333333 0.005359375 0.015527777777777777
2 0.03671875 0.356 0.008703125 0.01675
1 0.0370546875 0.3434861111111111 0.0473203125 0.06713888888888889
1 0.1232109375 0.5477777777777777 0.05892968750000001 0.13445833333333335
1 0.0744453125 0.7139861111111112 0.07075781249999999 0.18909722222222222
1 0.188953125 0.4047777777777778 0.0363828125 0.0905138888888889
1 0.2176328125 0.3835555555555556 0.029015625 0.07584722222222222
1 0.37098437500000003 0.6459583333333333 0.08125 0.17604166666666668
1 0.45714062499999997 0.6263194444444444 0.06607031249999999 0.18041666666666667
1 0.6628359374999999 0.6735277777777777 0.12254687500000001 0.15579166666666666
1 0.8796875 0.7705138888888888 0.12991406249999998 0.23468055555555556
1 0.26964062499999997 0.45119444444444445 0.0482109375 0.08016666666666666
1 0.310265625 0.5335138888888888 0.03125 0.09002777777777776
1 0.32020312500000003 0.4865 0.0488828125 0.11108333333333334
1 0.2953125 0.3956527777777778 0.041515625 0.06433333333333334
1 0.775 0.27445833333333336 0.032140625 0.07194444444444444
1 0.8066953124999999 0.24769444444444444 0.0151796875 0.04618055555555556
1 0.8228828125 0.2653333333333333 0.009601562499999999 0.0775
1 0.8498906249999999 0.24391666666666667 0.0234375 0.06641666666666667
1 0.9467656249999999 0.29012499999999997 0.0386171875 0.09137500000000001
1 0.936609375 0.16695833333333332 0.0160703125 0.03948611111111111
0 0.9722109375000001 0.1980972222222222 0.0448671875 0.08191666666666667
0 0.5068046875000001 0.5503472222222222 0.23460156250000003 0.23084722222222223
1 0.1775703125 0.30580555555555555 0.0270078125 0.06319444444444444