1 0.2825859375 0.49977777777777777 0.0473203125 0.18922222222222224
1 0.37901562499999997 0.5269305555555556 0.061609375 0.25545833333333334
1 0.42377343749999996 0.48511111111111105 0.014953125000000001 0.08847222222222223
1 0.43828125 0.4726111111111111 0.0127265625 0.0753888888888889
1 0.45178906249999995 0.4630972222222222 0.0107109375 0.05636111111111111
1 0.4875 0.515625 0.0375 0.26855555555555555
1 0.5246640625000001 0.51325 0.0292421875 0.23205555555555557
1 0.5746640625 0.48648611111111106 0.039953125 0.12695833333333334
1 0.615625 0.5489444444444445 0.0705390625 0.31931944444444443
1 0.677234375 0.4896666666666667 0.0419609375 0.13329166666666667
1 0.9477656250000001 0.5959305555555555 0.10089062499999998 0.4252083333333333
1 0.7818046875 0.6198888888888889 0.2935234375 0.7548472222222222
1 0.1408515625 0.6065972222222222 0.2683046875 0.74018055555555552 0.27835156250000004 0.5277638888888889 0.016515625 0.019027777777777775
2 0.3890625 0.5718055555555556 0.0236640625 0.019791666666666666
2 0.4775703125 0.5674305555555555 0.0198671875 0.019
2 0.525890625 0.5495833333333333 0.0160703125 0.02297222222222222
2 0.649109375 0.6205972222222222 0.030359375 0.030069444444444444
2 0.4184140625 0.5138888888888888 0.013171875 0.015069444444444444
