2 0.5021171875 0.5430416666666666 0.024328125 0.013861111111111112
2 0.8450859375 0.5001944444444444 0.011609375 0.02340277777777778
2 0.8896171875000001 0.27090277777777777 0.013617187499999999 0.02513888888888889
1 0.329796875 0.7699166666666667 0.1261171875 0.2136527777777778
1 0.6723203125 0.403 0.05 0.059166666666666666
1 0.784484375 0.2800138888888889 0.022101562499999998 0.06718055555555555
1 0.8313593750000001 0.29131944444444446 0.0176328125 0.06994444444444445
1 0.8136171875 0.2474861111111111 0.015625 0.04975
1 0.8610468750000001 0.24788888888888888 0.0189765625 0.07434722222222222
1 0.9044609375 0.2915277777777778 0.0232109375 0.08225
1 0.9433046875000001 0.26395833333333335 0.0205390625 0.07076388888888889
1 0.9955390625 0.21456944444444445 0.008921875 0.03945833333333333
1 0.9541328124999999 0.1701388888888889 0.013171875 0.04583333333333333
0 0.9763359375 0.20048611111111111 0.024109375 0.07080555555555555
0 0.7599296875 0.5003472222222223 0.2854921875 0.27372222222222226
0 0.411046875 0.46444444444444444 0.297546875 0.28525
1 0.18258593750000002 0.31056944444444445 0.0348203125 0.07272222222222222