2 0.5994453125 0.5715972222222222 0.022546875 0.02336111111111111
2 0.7487734374999999 0.47638888888888886 0.013171875 0.023416666666666665
1 0.188953125 0.8631388888888889 0.152453125 0.21755555555555553
0 0.6770078125000001 0.4763611111111111 0.1799140625 0.18209722222222224
1 0.782921875 0.2794166666666667 0.0234375 0.07788888888888888
1 0.8339296875000001 0.2726805555555556 0.0160703125 0.07234722222222223
1 0.8152890625 0.2542361111111111 0.012273437500000001 0.07116666666666667
1 0.8611640625 0.24827777777777776 0.0080390625 0.06719444444444445
1 0.905359375 0.2806111111111111 0.0160703125 0.08820833333333333
1 0.9390625 0.2576111111111111 0.016515625 0.07394444444444445
1 0.9907343750000001 0.2185277777777778 0.0060234375 0.04738888888888888
1 0.9436406249999999 0.1867916666666667 0.0145078125 0.04740277777777778
0 0.9745546875000001 0.20108333333333334 0.0294609375 0.06008333333333333
1 0.1770078125 0.315125 0.028125 0.06993055555555555