1 0.41395312500000003 0.42163888888888884 0.022101562499999998 0.08851388888888888
1 0.453796875 0.4192638888888889 0.028125 0.08374999999999999
1 0.5231015625000001 0.5150138888888889 0.093078125 0.3744722222222222
1 0.5901796874999999 0.45575 0.0285703125 0.1249861111111111
1 0.66015625 0.5556666666666666 0.0814765625 0.42006944444444444
1 0.724109375 0.5065000000000001 0.0375 0.2899861111111111
1 0.8677421875 0.4698194444444444 0.0591484375 0.18884722222222222
1 0.3697578125 0.4704027777777778 0.08549218750000001 0.27334722222222224
1 0.2058046875 0.5794166666666667 0.3223203125 0.8008888888888889
1 0.8794609375 0.6024305555555556 0.2410703125 0.78341666666666652 0.499328125 0.5761666666666666 0.029914062499999998 0.03644444444444444
2 0.6987734375 0.636263888888889 0.038171875 0.0495
2 0.7238828125000001 0.5835 0.0325859375 0.03129166666666667
2 0.5989921875 0.48194444444444445 0.0127265625 0.01865277777777778
2 0.41294531250000005 0.4416805555555555 0.013390625 0.013527777777777777
