2 0.2004453125 0.7284999999999999 0.016960937500000002 0.02365277777777778
2 0.3090390625 0.6802916666666666 0.0176328125 0.01852777777777778
2 0.3091484375 0.8000972222222222 0.015625 0.035916666666666666
2 0.9268984375 0.31631944444444443 0.012273437500000001 0.016777777777777777
2 0.14453125 0.41054166666666664 0.005578125 0.018694444444444444
2 0.21026562499999998 0.4190694444444445 0.009820312500000001 0.00798611111111111
1 0.00625 0.38475 0.0125 0.08615277777777777
1 0.026007812499999998 0.4438472222222222 0.0229921875 0.11705555555555555
1 0.07633593749999999 0.434125 0.036609375 0.11745833333333332
1 0.11294531249999999 0.3655138888888889 0.0205390625 0.05165277777777778
1 0.1369453125 0.39406944444444447 0.0261171875 0.1087638888888889
1 0.2015625 0.393875 0.041515625 0.08059722222222222
1 0.29296875 0.4103333333333333 0.056921875 0.10161111111111111
1 0.2120546875 0.6876111111111111 0.075890625 0.17205555555555554
1 0.3121640625 0.6445694444444444 0.050671875 0.15343055555555554
1 0.3574765625 0.753263888888889 0.1636171875 0.21206944444444445
1 0.5333671875 0.5707916666666667 0.060046875 0.14872222222222223
1 0.48382031249999996 0.560875 0.041296875 0.13681944444444444
1 0.43482031250000003 0.5136666666666666 0.0482109375 0.14558333333333331
1 0.614171875 0.4652777777777778 0.0252265625 0.09641666666666666
1 0.57734375 0.44147222222222227 0.027453125000000002 0.06469444444444444
1 0.5167421875 0.4285833333333333 0.0379453125 0.09048611111111111
1 0.688390625 0.423625 0.019640625000000002 0.08454166666666667
1 0.668078125 0.3855416666666666 0.0191953125 0.071875
1 0.8131718749999999 0.5285416666666667 0.041515625 0.13168055555555555
1 0.7691953125000001 0.4470277777777778 0.0473203125 0.09166666666666666
1 0.7375 0.3811805555555555 0.0375 0.07108333333333333
0 0.9893984375 0.2597916666666667 0.021203125 0.06640277777777778
0 0.9303593749999999 0.3075833333333333 0.06607031249999999 0.09454166666666666
0 0.13739062500000002 0.9386944444444445 0.2591484375 0.12261111111111112
1 0.17288281249999998 0.3272222222222222 0.022101562499999998 0.07429166666666667