2 0.2231015625 0.7039027777777778 0.0109375 0.022083333333333333
2 0.322546875 0.6501527777777778 0.015625 0.021722222222222223
2 0.1879453125 0.4010138888888889 0.009820312500000001 0.015527777777777777
2 0.1262265625 0.4020138888888889 0.0046875 0.013555555555555555
2 0.2660703125 0.41847222222222225 0.005359375 0.018694444444444444
2 0.41272656249999995 0.7447638888888889 0.0174140625 0.032375
2 0.9207578125 0.3232638888888889 0.015625 0.01875
2 0.1003359375 0.38177777777777777 0.0064765625 0.012763888888888889
1 0.028125 0.4517916666666667 0.038390625 0.08531944444444445
1 0.0184140625 0.3807777777777778 0.0346015625 0.06236111111111111
1 0.0818046875 0.44543055555555555 0.038171875 0.10436111111111111
1 0.12600781249999998 0.3944722222222222 0.0265625 0.06988888888888889
1 0.093640625 0.3591666666666667 0.0377265625 0.07069444444444445
1 0.1841484375 0.39763888888888893 0.0424140625 0.07623611111111112
1 0.2511171875 0.4024027777777778 0.060265625 0.08575
1 0.0228828125 0.8437222222222223 0.0435234375 0.13902777777777778
1 0.23414843749999997 0.6826527777777778 0.07991406250000001 0.16609722222222223
1 0.3308046875 0.6243472222222222 0.0455390625 0.12091666666666667
1 0.3888359375 0.5321111111111111 0.0723203125 0.11502777777777777
1 0.46428906249999996 0.7274861111111111 0.10714062499999999 0.12084722222222223
1 0.49419531250000004 0.5844722222222222 0.05982031249999999 0.1245138888888889
1 0.44017968749999997 0.5697916666666667 0.0232109375 0.13483333333333333
1 0.45758593750000004 0.44504166666666667 0.0848203125 0.07977777777777778
1 0.5877265625 0.483125 0.0370546875 0.10830555555555556
1 0.5518984375 0.4575416666666667 0.0301328125 0.10872222222222222
1 0.85703125 0.48511111111111105 0.0466484375 0.12020833333333333
1 0.758484375 0.4672638888888889 0.04375 0.09245833333333332
1 0.723546875 0.402 0.0296875 0.07702777777777778
1 0.667296875 0.4371111111111112 0.0332578125 0.1115138888888889
0 0.9330390625 0.3113472222222222 0.0625 0.10604166666666666
0 0.9860468750000001 0.24431944444444445 0.0278984375 0.059263888888888894
0 0.193859375 0.9109166666666667 0.2872734375 0.17816666666666667
1 0.171875 0.3268333333333333 0.03125 0.06556944444444444