2 0.047765625 0.8125972222222223 0.0151796875 0.033125
2 0.16317187500000002 0.6858472222222223 0.009375 0.01376388888888889
2 0.2583671875 0.5840972222222223 0.010046875 0.020569444444444446
2 0.32410937500000003 0.7836388888888889 0.0410703125 0.030763888888888886
2 0.3066953125 0.5037638888888889 0.0151796875 0.022611111111111113
2 0.3214296875 0.46369444444444446 0.0089296875 0.013902777777777778
2 0.66953125 0.49583333333333335 0.0198671875 0.022611111111111113
2 0.8594843750000001 0.35738888888888887 0.0203125 0.023500000000000004
2 0.9236640625 0.4335555555555556 0.0080390625 0.017097222222222222
2 0.8895078125 0.6447916666666667 0.015625 0.022916666666666665
1 0.0301328125 0.4529722222222222 0.0379453125 0.09563888888888888
1 0.010046875 0.38058333333333333 0.015625 0.050055555555555555
1 0.078234375 0.35618055555555556 0.0292421875 0.060791666666666674
1 0.079015625 0.423625 0.050890625 0.10041666666666667
1 0.209375 0.40418055555555554 0.04375 0.08534722222222223
1 0.302234375 0.48293055555555553 0.0330390625 0.09601388888888888
1 0.30960156250000004 0.44465277777777773 0.0433046875 0.08691666666666667
1 0.2560234375 0.5527500000000001 0.052234375 0.10866666666666666
1 0.1801328125 0.6207777777777778 0.0433046875 0.08997222222222222
1 0.07778906249999999 0.741361111111111 0.09977343749999999 0.1882777777777778
1 0.19430468750000002 0.7403750000000001 0.1096015625 0.1902638888888889
1 0.2925234375 0.6223611111111111 0.07388281249999999 0.10901388888888888
1 0.424109375 0.5598888888888889 0.044640625 0.10706944444444445
1 0.467078125 0.49541666666666667 0.0390625 0.10909722222222222
1 0.5277890625 0.5035555555555555 0.044421875 0.1213888888888889
1 0.573328125 0.44166666666666665 0.0372734375 0.10873611111111112
1 0.6401796875 0.573763888888889 0.06607031249999999 0.15863888888888888
1 0.6214296874999999 0.42977777777777776 0.0285703125 0.06906944444444443
1 0.1810234375 0.3244444444444444 0.0450859375 0.06080555555555556
1 0.775 0.3730416666666666 0.0232109375 0.07465277777777778
1 0.93046875 0.4265972222222222 0.046203125 0.11033333333333332
1 0.9004453124999999 0.6181805555555555 0.05982031249999999 0.19986111111111113
0 0.8754453124999999 0.33555555555555555 0.0723203125 0.09887499999999999
0 0.9419609375 0.2829861111111111 0.0625 0.09295833333333334
0 0.3699765625 0.7098194444444444 0.2421875 0.1847361111111111
0 0.33604687499999997 0.9218194444444445 0.45111718749999996 0.15634722222222222