2 0.440515625 0.6184166666666666 0.035046875 0.02175
2 0.7854921874999999 0.5858888888888889 0.021875 0.020180555555555556
2 0.7809140625000001 0.7310694444444444 0.014953125000000001 0.024847222222222222
2 0.7919609375000001 0.41411111111111115 0.0125 0.017902777777777778
2 0.8743281250000001 0.34706944444444443 0.0120546875 0.018736111111111113
2 0.9870546875 0.46529166666666666 0.009820312500000001 0.017083333333333336
2 0.25289843749999996 0.5359027777777778 0.010265625 0.015444444444444443
2 0.18125 0.5462083333333333 0.0142890625 0.020208333333333335
2 0.20792187499999998 0.43097222222222226 0.0073671875 0.01591666666666667
2 0.305359375 0.4071666666666667 0.0125 0.015930555555555555
2 0.60546875 0.534513888888889 0.021203125 0.024569444444444446
1 0.0356015625 0.45019444444444445 0.0466484375 0.11388888888888889
1 0.07578125 0.42937499999999995 0.0377265625 0.10794444444444444
1 0.10122656249999999 0.4018055555555556 0.035046875 0.09645833333333334
1 0.1113828125 0.35420833333333335 0.0486640625 0.06475
1 0.1965390625 0.4160833333333333 0.0426328125 0.06154166666666667
1 0.1796875 0.5184305555555555 0.0424140625 0.091625
1 0.2486640625 0.5015694444444444 0.0419609375 0.093625
1 0.23883593749999998 0.43533333333333335 0.0223203125 0.04844444444444445
1 0.29586718749999996 0.39526388888888886 0.0403984375 0.08733333333333333
1 0.169640625 0.7292638888888889 0.080359375 0.15219444444444444
1 0.23102343749999998 0.6406111111111111 0.091515625 0.11376388888888889
1 0.5300234374999999 0.8445138888888888 0.0935234375 0.17234722222222223
1 0.6552421875000001 0.8292361111111111 0.08950781249999999 0.14577777777777776
1 0.616515625 0.6509305555555556 0.0455390625 0.10265277777777777
1 0.7950859375 0.7124027777777777 0.099109375 0.17005555555555554
1 0.5763359375 0.44940277777777776 0.036609375 0.09643055555555556
1 0.76875 0.4436527777777778 0.0375 0.07302777777777777
0 0.43638281250000005 0.5785138888888889 0.1361640625 0.1840138888888889
0 0.8287968749999999 0.5291250000000001 0.153125 0.18444444444444447
0 0.8114921875000001 0.3855416666666666 0.08950781249999999 0.1036111111111111
0 0.8776796875 0.3280138888888889 0.0767890625 0.1234861111111111
0 0.9732109375 0.26375 0.053570312499999995 0.09019444444444444
1 0.9776796875 0.43730555555555556 0.044640625 0.12380555555555556
1 0.1721015625 0.3250416666666667 0.0361640625 0.06595833333333334