2 0.429015625 0.5224166666666666 0.0276796875 0.02022222222222222
2 0.575 0.5614861111111111 0.025 0.03090277777777778
2 0.696875 0.8175555555555556 0.01875 0.023208333333333334
2 0.7839296874999999 0.575375 0.0142890625 0.019
2 0.8475468749999999 0.572388888888889 0.0120546875 0.024944444444444446
2 0.9087031250000001 0.5295555555555556 0.009375 0.018625
2 0.91875 0.4335555555555556 0.0160703125 0.017097222222222222
2 0.8377265625 0.3700833333333333 0.0191953125 0.017138888888888888
2 0.7513359375 0.4369166666666666 0.0205390625 0.019875
2 0.06484375 0.9879444444444445 0.0292421875 0.018736111111111113
2 0.23850781250000003 0.451 0.0104921875 0.02026388888888889
2 0.1799140625 0.4391111111111111 0.011609375 0.012333333333333335
2 0.197546875 0.4160972222222222 0.0066953125 0.013930555555555555
1 0.0314765625 0.4486111111111111 0.040625 0.11070833333333333
1 0.069421875 0.4238194444444444 0.0450859375 0.11270833333333334
1 0.10067187500000001 0.4025972222222222 0.0361640625 0.11391666666666667
1 0.11875 0.3502361111111111 0.0232109375 0.07269444444444445
1 0.1706484375 0.4287777777777778 0.0265625 0.10279166666666667
1 0.1849296875 0.39168055555555553 0.0283515625 0.08813888888888889
1 0.22265625 0.4145 0.036828125 0.10597222222222222
1 0.5268984375 0.5136666666666666 0.0426328125 0.12970833333333334
1 0.613390625 0.7411666666666666 0.06607031249999999 0.1759861111111111
1 0.7284609375 0.7667499999999999 0.05736718750000001 0.20730555555555555
1 0.7370546874999999 0.5210138888888889 0.036609375 0.10868055555555556
1 0.789734375 0.5422222222222222 0.0348203125 0.13922222222222222
1 0.850671875 0.5503611111111111 0.0361640625 0.1515138888888889
1 0.9072578124999999 0.4940277777777778 0.0354921875 0.11822222222222223
1 0.0120546875 0.3347638888888889 0.0151796875 0.08143055555555556
1 0.1300234375 0.3074027777777778 0.0435234375 0.03463888888888889
0 0.161609375 0.8414722222222223 0.2875 0.31705555555555553
0 0.4044609375 0.516625 0.1392890625 0.2030972222222222
0 0.76875 0.4079444444444445 0.1 0.12858333333333333
0 0.854578125 0.34626388888888887 0.081921875 0.0965
0 0.9380546875 0.3746111111111112 0.0792421875 0.17304166666666668
0 0.946875 0.27049999999999996 0.0723203125 0.09575
1 0.1745546875 0.3185 0.036609375 0.07270833333333333