0 0.1940859375 0.4079444444444445 0.11361718750000001 0.09684722222222222
0 0.3137265625 0.4910555555555556 0.085046875 0.12416666666666668
0 0.735265625 0.44463888888888886 0.1044609375 0.11865277777777779
0 0.8293515625 0.37383333333333335 0.08950781249999999 0.10798611111111112
0 0.8051328124999999 0.31612500000000004 0.096875 0.06795833333333333
1 0.1104921875 0.40795833333333337 0.029015625 0.08098611111111112
1 0.0761171875 0.4424722222222222 0.040625 0.07858333333333332
1 0.033484375 0.45416666666666666 0.03125 0.07420833333333333
1 0.04375 0.38752777777777775 0.042859375 0.05204166666666667
1 0.178234375 0.32405555555555554 0.0417421875 0.052083333333333336
1 0.92265625 0.309375 0.035046875 0.0782638888888889
1 0.9777890625 0.2593888888888889 0.024773437500000002 0.05766666666666667
1 0.9861640625 0.3716527777777777 0.025890625 0.08377777777777778
1 0.7441953125 0.5977777777777777 0.06875 0.09156944444444445
1 0.7607109375000001 0.9192916666666666 0.11964062499999999 0.1433472222222222
1 0.742296875 0.7431527777777779 0.085046875 0.17201388888888888
1 0.604578125 0.7889583333333333 0.081921875 0.2041252 0.3120546875 0.5311388888888889 0.025890625 0.021805555555555554
2 0.226453125 0.40795833333333337 0.022101562499999998 0.017513888888888888
2 0.729578125 0.6396388888888889 0.0104921875 0.020541666666666666
2 0.564953125 0.8548472222222222 0.0183046875 0.03429166666666667
2 0.700109375 0.4736111111111111 0.0229921875 0.025805555555555554
2 0.8025703125 0.39566666666666667 0.018078125 0.01672222222222222
2 0.9821406250000001 0.40002777777777776 0.0089296875 0.017513888888888888
2 0.7698671874999999 0.3736527777777777 0.0174140625 0.01634722222222222
