2 0.0316953125 0.8199305555555556 0.063390625 0.09143055555555556
2 0.463171875 0.5275694444444444 0.029015625 0.03845833333333334
2 0.8111640625 0.9641249999999999 0.086609375 0.06634722222222222
2 0.8162968749999999 0.5979722222222222 0.029914062499999998 0.04040277777777778
2 0.6106015625000001 0.5249861111111112 0.018078125 0.03727777777777778
1 0.396875 0.3865416666666667 0.016960937500000002 0.05402777777777778
1 0.420984375 0.3924861111111111 0.011609375 0.07384722222222223
1 0.46227343750000005 0.449375 0.071875 0.3027083333333333
1 0.5544609375 0.47594444444444445 0.082140625 0.33205555555555555
1 0.075 0.5657361111111111 0.15 0.761625
1 0.2949765625 0.5671111111111111 0.2796875 0.8477083333333334
1 0.796875 0.5279166666666667 0.1026796875 0.34868055555555555
1 0.707703125 0.5716666666666667 0.2971015625 0.8449305555555556
1 0.9361640625 0.45256944444444447 0.050890625 0.13451388888888888
1 0.9322578125 0.6034166666666666 0.1301328125 0.7496944444444444