2 0.3128359375 0.5025694444444445 0.0207578125 0.02816666666666667
2 0.18660937500000002 0.3958611111111111 0.025 0.013152777777777779
2 0.3316953125 0.8332222222222222 0.0205390625 0.042638888888888886
2 0.6763359375 0.7445694444444445 0.013390625 0.020083333333333335
2 0.8014531249999999 0.562875 0.0113828125 0.021777777777777778
2 0.6872734375 0.47718055555555555 0.021875 0.025
2 0.7971015625 0.3990416666666667 0.0183046875 0.0195
0 0.1651796875 0.39525 0.0982109375 0.10320833333333333
1 0.1096015625 0.4008055555555555 0.0361640625 0.09844444444444443
1 0.07265625 0.4277916666666667 0.022546875 0.07304166666666667
1 0.079796875 0.3978333333333333 0.0278984375 0.07266666666666667
1 0.03671875 0.44465277777777773 0.0354921875 0.08691666666666667
1 0.0417421875 0.4018055555555556 0.016515625 0.04886111111111111
1 0.055578125 0.3914861111111111 0.0174140625 0.05997222222222222
1 0.024109375 0.3466666666666667 0.0214296875 0.057611111111111106
1 0.18359375 0.720736111111111 0.1328125 0.19463888888888886
1 0.803796875 0.9248472222222222 0.085265625 0.13858333333333334
1 0.7306953125 0.788375 0.0439765625 0.18309722222222224
1 0.6900703125 0.6844305555555555 0.043078125 0.18156944444444442
1 0.81171875 0.5378611111111111 0.0497734375 0.12255555555555554
1 0.9027890624999999 0.31531944444444443 0.0265625 0.08223611111111111
1 0.9643984375000001 0.26295833333333335 0.024773437500000002 0.07275000000000001
0 0.2963203125 0.4688333333333333 0.11272656249999999 0.12736111111111112
0 0.7292421874999999 0.43512500000000004 0.10580468750000001 0.13134722222222223
0 0.8267890625 0.37343055555555554 0.0910703125 0.115125
0 0.770984375 0.32325000000000004 0.086609375 0.09809722222222221
1 0.1714296875 0.31929166666666664 0.030359375 0.058430555555555555