2 0.253125 0.7830416666666666 0.024109375 0.04147222222222222
2 0.282140625 0.8841944444444445 0.0107109375 0.029513888888888888
2 0.4474296875 0.7294861111111112 0.008703125 0.021680555555555554
2 0.6580390625 0.9508472222222223 0.0214296875 0.035819444444444445
2 0.6734375 0.658875 0.020984375 0.03916666666666667
2 0.128125 0.37979166666666664 0.0151796875 0.01673611111111111
1 0.016515625 0.471625 0.024109375 0.10911111111111112
1 0.0338203125 0.4438472222222222 0.016296875 0.08531944444444445
1 0.0714296875 0.4422638888888889 0.0357109375 0.09802777777777777
1 0.08169531249999999 0.4097361111111111 0.0205390625 0.06472222222222222
1 0.10401562499999999 0.4176666666666667 0.0294609375 0.09644444444444444
1 0.0232109375 0.375625 0.0285703125 0.044111111111111115
1 0.3246640625 0.8349861111111112 0.10245312499999999 0.20091666666666666
1 0.47734375 0.7056666666666667 0.077453125 0.14863888888888888
1 0.45033593749999995 0.92325 0.1261171875 0.1512777777777778
1 0.6878359374999999 0.8627499999999999 0.11004687500000002 0.20883333333333334
1 0.8236640625 0.36847222222222226 0.049109375 0.10918055555555556
1 0.8716484375 0.30897222222222226 0.033484375 0.08541666666666667
0 0.10703125 0.37502777777777774 0.091296875 0.10243055555555555
0 0.3950859375 0.4375 0.1830390625 0.1361111111111111
0 0.6684140625 0.45158333333333334 0.1471015625 0.1365
0 0.7296875 0.6411944444444445 0.20491406250000002 0.19826388888888888
0 0.3502265625 0.6917638888888888 0.28526562499999997 0.25575
1 0.1770078125 0.32305555555555554 0.028125 0.06993055555555555