2 0.2044609375 0.8199305555555556 0.025 0.02795833333333333
2 0.3098203125 0.863375 0.0125 0.02356944444444444
2 0.4627265625 0.7152083333333334 0.010265625 0.024861111111111108
2 0.6964296875 0.9028472222222221 0.017859375 0.027125000000000003
2 0.694640625 0.6358611111111111 0.0232109375 0.024902777777777777
2 0.60078125 0.5105138888888889 0.0252265625 0.028152777777777777
2 0.1171875 0.37662500000000004 0.015625 0.01038888888888889
1 0.01875 0.4771666666666667 0.0375 0.10434722222222222
1 0.0744453125 0.4333472222222222 0.0261171875 0.08413888888888889
1 0.08303906250000001 0.4145 0.0232109375 0.07423611111111111
1 0.10703125 0.4145 0.028796875 0.0901111111111111
1 0.038953125 0.41548611111111106 0.022101562499999998 0.07225000000000001
1 0.05257031250000001 0.3994305555555555 0.018078125 0.059958333333333336
1 0.3455390625 0.8109861111111111 0.092859375 0.20450000000000002
1 0.4848203125 0.6822638888888889 0.0857109375 0.14151388888888888
1 0.7293515625 0.8387361111111111 0.0948671875 0.2600277777777778
1 0.82421875 0.38295833333333335 0.0301328125 0.10241666666666666
1 0.8561406249999999 0.30044444444444446 0.0270078125 0.06438888888888888
0 0.370421875 0.4261944444444445 0.1627265625 0.14920833333333333
0 0.320984375 0.7395694444444445 0.275890625 0.2838888888888889
0 0.6504453125 0.4741944444444445 0.1580390625 0.14204166666666665
0 0.749890625 0.6227638888888889 0.1716484375 0.13361111111111112
0 0.097765625 0.35915277777777777 0.0794609375 0.08656944444444445
1 0.1762265625 0.3141388888888889 0.0332578125 0.05605555555555555