2 0.3552421875 0.406375 0.0073671875 0.014333333333333333
2 0.5138359375 0.5658472222222223 0.01875 0.015833333333333335
2 0.7713203125 0.5515694444444444 0.018078125 0.01901388888888889
2 0.8200859375 0.745361111111111 0.0151796875 0.021666666666666667
2 0.5091484375 0.6777222222222222 0.013835937500000001 0.017347222222222222
2 0.3848203125 0.7881944444444444 0.0107109375 0.027986111111111107
1 0.0416328125 0.4900694444444445 0.0453125 0.11029166666666666
1 0.075 0.43373611111111116 0.042859375 0.09287500000000001
1 0.1078125 0.399625 0.0325859375 0.07226388888888889
1 0.033484375 0.406375 0.03125 0.04606944444444445
1 0.41294531250000005 0.7500972222222223 0.0848203125 0.158125
1 0.5341484375000001 0.6566805555555556 0.054914062500000006 0.14191666666666666
1 0.5761171875 0.9178611111111111 0.06741406250000001 0.16427777777777777
1 0.655359375 0.7955138888888889 0.07857031249999999 0.19737500000000002
1 0.836828125 0.6989166666666667 0.053125 0.19069444444444447
1 0.7902890625000001 0.41052777777777777 0.0426328125 0.09804166666666667
1 0.8344843750000001 0.3177083333333333 0.0238828125 0.07112500000000001
1 0.9098203125 0.2677222222222222 0.0160703125 0.06638888888888889
0 0.30178906250000004 0.41965277777777776 0.15714062499999998 0.10834722222222223
0 0.059484375 0.3423055555555556 0.089953125 0.05683333333333333
0 0.1566953125 0.8434583333333333 0.2598203125 0.31309722222222225
0 0.5833671875 0.5154444444444445 0.1778984375 0.19279166666666667
0 0.8121640625 0.5205972222222222 0.1667421875 0.19516666666666668
1 0.1792421875 0.32405555555555554 0.0236640625 0.08381944444444445