2 0.3234375 0.6884305555555555 0.0263359375 0.030819444444444448
2 0.232921875 0.3841666666666667 0.0127265625 0.017527777777777778
2 0.5607109375 0.6217777777777778 0.0142890625 0.024513888888888887
2 0.731359375 0.7770833333333333 0.0140625 0.03751388888888889
2 0.8112734375 0.670375 0.013171875 0.0225
2 0.8725468749999999 0.44663888888888886 0.0174140625 0.01947222222222222
2 0.9496640624999999 0.5708055555555556 0.013171875 0.021777777777777778
1 0.0792421875 0.5118888888888888 0.0379453125 0.11423611111111111
1 0.028796875 0.44326388888888885 0.035265625 0.08016666666666666
1 0.039953125 0.4051805555555556 0.0308046875 0.0675
1 0.05625 0.39069444444444446 0.0232109375 0.07425
1 0.0831484375 0.43512500000000004 0.0301328125 0.09961111111111111
1 0.109265625 0.3934722222222222 0.024328125 0.08773611111111111
0 0.20335156250000003 0.3938611111111111 0.134375 0.09645833333333334
0 0.01953125 0.3339722222222222 0.0323671875 0.06397222222222222
1 0.2910703125 0.6207777777777778 0.06428906250000001 0.15344444444444444
1 0.49497656250000005 0.6826527777777778 0.0814765625 0.19783333333333333
1 0.5848203125 0.6009305555555555 0.0625 0.14552777777777778
1 0.769640625 0.4724027777777778 0.0482109375 0.12656944444444443
1 0.7486640625 0.7510833333333333 0.05982031249999999 0.20375
1 0.8174140624999999 0.634263888888889 0.063390625 0.16454166666666667
1 0.9613828124999999 0.5283472222222223 0.034375 0.13526388888888888
1 0.7650703125 0.35637499999999994 0.0591484375 0.08894444444444445
1 0.8572578125 0.30025 0.0426328125 0.06795833333333333
1 0.9245546875 0.28755555555555556 0.0276796875 0.07431944444444444
1 0.1862734375 0.3236527777777778 0.039953125 0.07508333333333334
0 0.8991093749999999 0.4484027777777778 0.092859375 0.1460138888888889
0 0.40982031250000006 0.6169861111111111 0.257140625 0.23715277777777777