2 0.400890625 0.8734861111111111 0.025 0.03190277777777777
2 0.9189765624999999 0.5099166666666667 0.0120546875 0.023
2 0.9920781249999999 0.4722222222222222 0.008703125 0.019055555555555555
2 0.9754453125 0.33893055555555557 0.013390625 0.022319444444444444
1 0.0775703125 0.6394166666666666 0.0591484375 0.1859583333333333
1 0.1120546875 0.4230277777777778 0.0455390625 0.111125
1 0.0875 0.43076388888888884 0.032140625 0.09881944444444445
1 0.0495546875 0.4561527777777778 0.036609375 0.10198611111111112
1 0.0262265625 0.4700277777777778 0.0278984375 0.10594444444444445
1 0.530359375 0.41211111111111115 0.069640625 0.08534722222222223
1 0.751671875 0.3456666666666667 0.0323671875 0.07547222222222223
1 0.8097109375 0.37343055555555554 0.0323671875 0.09924999999999999
1 0.89140625 0.28815277777777776 0.0261171875 0.0636111111111111
1 0.9228828124999999 0.4874861111111111 0.039953125 0.12497222222222223
1 0.9821406250000001 0.44027777777777777 0.0357109375 0.11786111111111111
1 0.9013359375000001 0.6790833333333334 0.10625 0.1986388888888889
1 0.5745546874999999 0.9129027777777777 0.1223203125 0.17420833333333335
0 0.9771171875 0.34070833333333334 0.0457578125 0.08538888888888889
0 0.044640625 0.34368055555555554 0.080359375 0.07944444444444444
1 0.17645312500000002 0.31948611111111114 0.0471015625 0.07072222222222223