2 0.3754453125 0.46925 0.009820312500000001 0.02501388888888889
2 0.8287968749999999 0.46211111111111114 0.0191953125 0.02659722222222222
2 0.9552421875 0.4635 0.0109375 0.017472222222222222
1 0.0215390625 0.3647222222222223 0.0229921875 0.05006944444444444
1 0.033484375 0.47718055555555555 0.0401796875 0.08847222222222223
1 0.055359375 0.4575416666666667 0.0392890625 0.09286111111111112
1 0.0886171875 0.43869444444444444 0.0388359375 0.08294444444444445
1 0.069640625 0.38634722222222223 0.0232109375 0.025861111111111112
1 0.1142890625 0.399625 0.0410703125 0.07226388888888889
1 0.2426328125 0.399625 0.061164062500000005 0.08812500000000001
1 0.3674140625 0.4638888888888889 0.038390625 0.08968055555555554
1 0.34296875 0.4113333333333334 0.031921875 0.05202777777777778
1 0.5229921875 0.4097361111111111 0.0683046875 0.08058333333333334
1 0.499109375 0.5481805555555556 0.07857031249999999 0.12730555555555556
1 0.9642890625 0.45019444444444445 0.0357109375 0.11388888888888889
1 0.9129453125 0.26256944444444447 0.0223203125 0.04815277777777778
1 0.1799140625 0.31531944444444443 0.038390625 0.0663611111111111