2 0.2292421875 0.8659444444444445 0.079015625 0.10409722222222223
2 0.40044531250000004 0.554138888888889 0.0419609375 0.051930555555555556
2 0.45580468749999997 0.4765833333333333 0.01875 0.03572222222222222
2 0.5145078125 0.4642916666666667 0.015625 0.019069444444444444
2 0.670421875 0.6261388888888889 0.0395078125 0.07291666666666667
2 0.6872734375 0.5192361111111111 0.021875 0.029736111111111112
2 0.5893984375 0.41629166666666667 0.0158515625 0.026236111111111113
0 0.57578125 0.38434722222222223 0.091296875 0.12502777777777777
1 0.5058046875 0.43272222222222223 0.0473203125 0.22179166666666666
1 0.44375 0.4245833333333333 0.057140625 0.2729722222222222
1 0.3824765625 0.4789027777777778 0.097546875 0.42130555555555554
1 0.62109375 0.5122222222222222 0.0971015625 0.44033333333333335
1 0.6941953125 0.43827777777777777 0.0401796875 0.26463888888888887
1 0.21071093749999997 0.5476666666666666 0.2964296875 0.88025