2 0.09609375 0.9625 0.1096015625 0.075
2 0.2729921875 0.43274999999999997 0.0236640625 0.031375
2 0.354015625 0.40836111111111106 0.011609375 0.026236111111111113
2 0.40367968750000005 0.43195833333333333 0.019421874999999998 0.029791666666666664
2 0.5109375 0.513875 0.035265625 0.04680555555555556
2 0.680578125 0.49940277777777775 0.0263359375 0.03768055555555556
2 0.440625 0.40399999999999997 0.0151796875 0.025444444444444443
2 0.9096015625 0.5031666666666667 0.046875 0.04919444444444444
0 0.8564765624999999 0.4703888888888889 0.2620546875 0.3209444444444445
1 0.6607109375 0.44858333333333333 0.080359375 0.25352777777777774
1 0.315515625 0.3478472222222222 0.0261171875 0.08380555555555556
1 0.271984375 0.3962361111111111 0.0417421875 0.21230555555555558
1 0.3534609375 0.38333333333333336 0.0216484375 0.1904861111111111
1 0.396875 0.403375 0.04375 0.1948472222222222
1 0.4396171875 0.3722361111111111 0.024328125 0.13654166666666667
1 0.5059140625 0.4709861111111111 0.07210156250000001 0.32611111111111113
1 0.14352343750000002 0.5464722222222222 0.2558046875 0.8858055555555555