2 0.0675234375 0.9621388888888889 0.1238828125 0.07031944444444445
2 0.267078125 0.43097222222222226 0.0229921875 0.03177777777777778
2 0.3513359375 0.4089583333333333 0.0151796875 0.015527777777777777
2 0.3973203125 0.4285833333333333 0.017859375 0.02701388888888889
2 0.438390625 0.4067777777777778 0.0107109375 0.023069444444444445
2 0.4982109375 0.5075277777777778 0.0410703125 0.04998611111111111
2 0.676453125 0.4970138888888889 0.0292421875 0.03293055555555556
2 0.9584843749999999 0.5120972222222222 0.050890625 0.04719444444444444
1 0.2690859375 0.3914722222222222 0.0314765625 0.20277777777777778
1 0.3166328125 0.3504305555555556 0.0238828125 0.08498611111111111
1 0.3488828125 0.3783888888888889 0.0236640625 0.18454166666666666
1 0.3924140625 0.38711111111111113 0.0348203125 0.20198611111111112
1 0.43616406249999995 0.36847222222222226 0.024109375 0.15677777777777777
1 0.489734375 0.46504166666666663 0.05982031249999999 0.32213888888888886
1 0.6589296874999999 0.44243055555555555 0.0767890625 0.2848611111111111
0 0.8724296875 0.4769305555555555 0.2515625 0.42527777777777775
1 0.1419609375 0.551236111111111 0.275 0.8953194444444444