2 0.98046875 0.523986111111111 0.0390625 0.05512499999999999
2 0.050671875 0.9720694444444444 0.096875 0.050486111111111114
2 0.2598203125 0.42938888888888893 0.019640625000000002 0.02861111111111111
2 0.3479921875 0.40776388888888887 0.0129453125 0.021083333333333332
2 0.3941953125 0.42501388888888886 0.0205390625 0.027819444444444445
2 0.4917421875 0.5035694444444444 0.0325859375 0.042041666666666665
2 0.43348437500000003 0.40875 0.009820312500000001 0.019097222222222224
2 0.5090390625000001 0.4456527777777778 0.0158515625 0.021458333333333333
2 0.6738828125 0.4930555555555556 0.0308046875 0.025
1 0.3121640625 0.34626388888888887 0.0238828125 0.0647638888888889
1 0.263390625 0.3946388888888889 0.044640625 0.20912499999999998
1 0.3440859375 0.36768055555555557 0.0296875 0.15519444444444444
1 0.3861640625 0.39127777777777784 0.03125 0.2063472222222222
1 0.42913281249999996 0.36390277777777774 0.025671875 0.14369444444444443
1 0.47276562499999997 0.4350972222222222 0.04375 0.2900277777777778
1 0.5174140625 0.4063472222222222 0.0348203125 0.20475
1 0.653796875 0.43669444444444444 0.08883593749999999 0.24559722222222224
0 0.875 0.45848611111111115 0.25 0.360625