2 0.24788281250000002 0.42005555555555557 0.0203125 0.021875
2 0.3380546875 0.4045972222222222 0.013171875 0.01473611111111111
2 0.3775703125 0.42105555555555557 0.016296875 0.01988888888888889
2 0.46071093750000003 0.4930555555555556 0.0285703125 0.04086111111111111
2 0.49609375 0.4410833333333333 0.0167421875 0.02423611111111111
2 0.6661796875 0.4948333333333333 0.0176328125 0.02459722222222222
1 0.2517890625 0.3892916666666667 0.0392890625 0.21031944444444445
1 0.3058046875 0.3557916666666667 0.0223203125 0.08379166666666667
1 0.33515625 0.3718472222222223 0.0207578125 0.15955555555555556
1 0.3714296875 0.38631944444444444 0.0375 0.18454166666666666
1 0.415625 0.36509722222222224 0.01875 0.1222638888888889
1 0.45 0.43747222222222226 0.042859375 0.27891666666666665
1 0.49341406250000003 0.401 0.0292421875 0.17420833333333335
1 0.6385078125 0.45572222222222225 0.096203125 0.25193055555555555
0 0.9049140625 0.4882361111111111 0.1848203125 0.41218055555555555