2 0.23760937499999998 0.42481944444444447 0.0176328125 0.01551388888888889
2 0.330359375 0.44445833333333334 0.017859375 0.02701388888888889
2 0.37098437500000003 0.49801388888888887 0.0276796875 0.030944444444444445
2 0.46372656250000005 0.48591666666666666 0.0189765625 0.026583333333333334
2 0.6699765625 0.5464027777777778 0.0296875 0.0325
2 0.3982109375 0.4317638888888889 0.0107109375 0.017499999999999998
1 0.24241406250000003 0.39326388888888886 0.038390625 0.13891666666666666
1 0.2910703125 0.3760138888888889 0.0107109375 0.06870833333333333
1 0.318859375 0.40715277777777775 0.0283515625 0.15873611111111113
1 0.3660703125 0.4489861111111111 0.0357109375 0.2463888888888889
1 0.3997734375 0.3954444444444445 0.0183046875 0.131375
1 0.45569531249999995 0.43966666666666665 0.0386171875 0.20790277777777777
1 0.6482109375 0.48408333333333337 0.082140625 0.29673611111111114
1 0.13046875 0.37026388888888884 0.0176328125 0.06116666666666667
1 0.05591406249999999 0.37701388888888887 0.0292421875 0.06672222222222222