2 0.12153906249999999 0.9206805555555555 0.0801328125 0.08661111111111111
2 0.3393984375 0.4617222222222222 0.006921874999999999 0.017875
2 0.3848203125 0.472625 0.0107109375 0.011916666666666667
2 0.46350781249999995 0.5130833333333333 0.0140625 0.029347222222222222
2 0.732140625 0.7084583333333333 0.044640625 0.051041666666666666
2 0.48794531250000006 0.442875 0.011609375 0.007972222222222223
1 0.340625 0.4517916666666667 0.0294609375 0.10119444444444445
1 0.3839296875 0.4539722222222222 0.017859375 0.0936527777777778
1 0.403234375 0.45158333333333334 0.009601562499999999 0.08888888888888889
1 0.41741406249999996 0.4404861111111111 0.013390625 0.05081944444444445
1 0.431921875 0.44147222222222227 0.011164062499999999 0.048833333333333326
1 0.446203125 0.45079166666666665 0.0129453125 0.08730555555555555
1 0.45825781250000003 0.4833055555555556 0.028125 0.16820833333333332
0 0.49185156250000006 0.44623611111111117 0.030578125 0.05834722222222222
1 0.5934140625000001 0.45258333333333334 0.0417421875 0.07104166666666667
1 0.695203125 0.6135833333333333 0.16495312499999998 0.4724027777777778
1 0.17901562499999998 0.6101666666666666 0.3223203125 0.75525