0 0.342078125 0.4644861111111111 0.012273437500000001 0.07897222222222222
1 0.0361640625 0.4898611111111111 0.0276796875 0.11386111111111112
1 0.067296875 0.48173611111111114 0.0207578125 0.08569444444444445
1 0.1439765625 0.4755972222222222 0.0245546875 0.06944444444444445
1 0.1808046875 0.4706388888888889 0.013390625 0.047625
1 0.279015625 0.5001666666666666 0.0401796875 0.19795833333333335
1 0.318640625 0.48212499999999997 0.0234375 0.14202777777777778
1 0.381359375 0.5148333333333334 0.055132812499999996 0.23523611111111112
1 0.420984375 0.4644861111111111 0.011609375 0.06309722222222222
1 0.44866406249999996 0.49918055555555557 0.03125 0.16820833333333332
1 0.515625 0.5253472222222222 0.049109375 0.22055555555555556
1 0.5739921875 0.47102777777777777 0.0252265625 0.08808333333333333
1 0.9370546875000001 0.4835138888888889 0.0705390625 0.1487777777777778
1 0.7270078125 0.4714305555555556 0.029914062499999998 0.08094444444444444
1 0.684265625 0.471625 0.0403984375 0.0932361111111111
1 0.6396171875000001 0.6169444444444444 0.1296875 0.49104166666666672 0.2755546875 0.5468055555555555 0.022101562499999998 0.025361111111111112
2 0.31930468749999996 0.5065416666666667 0.0113828125 0.02022222222222222
2 0.3824765625 0.5587083333333334 0.0261171875 0.033291666666666664
2 0.45200781250000005 0.5212222222222221 0.015625 0.025777777777777774
2 0.527234375 0.5656527777777778 0.01875 0.035263888888888886
2 0.6613828125000001 0.736625 0.05044531249999999 0.06768055555555555
2 0.42221093749999994 0.4803611111111111 0.0073671875 0.015486111111111112
